Nothing,577_words.csv,563_words.csv,1_words.csv,266_words.csv,272_words.csv,13_words.csv,253_words.csv,586_words.csv,26_words.csv,258_words.csv,7_words.csv,571_words.csv,18_words.csv,279_words.csv,565_words.csv,255_words.csv,580_words.csv,20_words.csv,260_words.csv,568_words.csv,274_words.csv,15_words.csv,562_words.csv,576_words.csv,273_words.csv,12_words.csv,267_words.csv,27_words.csv,252_words.csv,587_words.csv,6_words.csv,259_words.csv,19_words.csv,278_words.csv,564_words.csv,570_words.csv,21_words.csv,254_words.csv,581_words.csv,569_words.csv,275_words.csv,14_words.csv,261_words.csv,589_words.csv,29_words.csv,3_words.csv,575_words.csv,269_words.csv,561_words.csv,30_words.csv,251_words.csv,584_words.csv,559_words.csv,24_words.csv,264_words.csv,578_words.csv,11_words.csv,270_words.csv,573_words.csv,567_words.csv,5_words.csv,262_words.csv,17_words.csv,276_words.csv,257_words.csv,582_words.csv,8_words.csv,22_words.csv,28_words.csv,249_words.csv,2_words.csv,588_words.csv,560_words.csv,574_words.csv,268_words.csv,25_words.csv,31_words.csv,250_words.csv,585_words.csv,10_words.csv,271_words.csv,265_words.csv,579_words.csv,566_words.csv,572_words.csv,4_words.csv,16_words.csv,277_words.csv,263_words.csv,9_words.csv,23_words.csv,256_words.csv,583_words.csv
577_words.csv,0.0024685650887573862,0.0017235576923076937,0.001414571005917159,0.001741374434389142,0.001355502136752137,0.001702107988165679,0.0017442024886877843,0.001528159340659338,0.0012553418803418802,0.0016090745192307708,0.0018740754437869798,0.0017433894230769248,0.0016997965976331345,0.0015632512019230786,0.0018711756993006951,0.0016748798076923102,0.0015497737556561101,0.0012913995726495727,0.0017001201923076944,0.0016003605769230782,0.001604567307692306,0.0011796016483516505,0.0017948717948717964,0.0016271033653846164,0.0017540064102564115,0.0013609467455621292,0.0019640837104072414,0.0010907451923076903,0.0017439903846153857,0.001524939903846156,0.001387758875739643,0.0015763221153846162,0.0016535027472527448,0.001633814102564105,0.0018440030364372474,0.0014386094674556196,0.0016073409763313607,0.001522686298076925,0.0014807692307692326,0.001977449633699636,0.0018261718750000023,0.00149539262820513,0.0015560281065088732,0.0015332031250000018,0.0015166083916083935,0.0015907451923076938,0.0016548978365384624,0.001931397928994082,0.0016346153846153826,0.0014206730769230772,0.0017284578402366833,0.0015461881868131847,0.0014561760355029578,0.0012908653846153862,0.0016899038461538475,0.001462339743589742,0.001436760355029585,0.001705128205128208,0.0016466346153846188,0.0017968750000000018,0.0016400786713286685,0.0015902366863905322,0.0013186813186813195,0.0018202457264957226,0.0017242973372781053,0.0014971454326923085,0.001494082840236685,0.0011511752136752144,0.0012379807692307694,0.0016984097633136073,0.001468195266272188,0.0016012286324786301,0.0015661057692307708,0.001614819004524888,0.0015793269230769248,0.0012475961538461534,0.001445585664335667,0.001779447115384618,0.0014102564102564134,0.0015859375000000016,0.0016459276018099573,0.0015625000000000038,0.0017176573426573411,0.0016089743589743613,0.0016714242788461561,0.001474358974358977,0.0017437130177514776,0.0018583066239316213,0.001629273504273502,0.0016069711538461541,0.001319444444444445,0.001681941105769233,0.0013405448717948747
563_words.csv,0.0017235576923076937,0.0027859374999999837,0.0014873798076923074,0.0017532169117647084,0.0014973958333333356,0.0021490384615384644,0.0020937500000000053,0.0016947544642857166,0.0015911458333333363,0.001780273437499993,0.0023476562500000064,0.0020300781249999963,0.0020276442307692343,0.0017294921874999945,0.0021999289772727296,0.0018839843749999972,0.0018658088235294146,0.0015112847222222253,0.0016343749999999976,0.0019906249999999967,0.0016908482142857163,0.0012466517857142843,0.002064360119047619,0.001703124999999995,0.0017541666666666665,0.0016826923076923097,0.0020137867647058837,0.0014013671874999968,0.0017816406249999963,0.0017104492187499938,0.0017445913461538478,0.0017980468749999967,0.0017092633928571465,0.0018364583333333345,0.002053865131578946,0.0016634615384615405,0.002101862980769235,0.0017832031249999942,0.001871354166666667,0.0023098958333333313,0.0018706054687499956,0.001698567708333333,0.0020093149038461584,0.0017026367187499957,0.0016725852272727244,0.0019191406249999972,0.0017563476562499946,0.002027343750000003,0.0020727163461538517,0.001619531249999999,0.00211868990384616,0.001796316964285718,0.0017049278846153863,0.00160390625,0.0018019531249999967,0.001939236111111115,0.0017433894230769237,0.0017979166666666677,0.0019306640624999925,0.0021410156249999954,0.0023909801136363647,0.0017229567307692317,0.001487723214285713,0.0019283854166666694,0.0021204927884615446,0.0016982421874999942,0.0016881009615384644,0.0013897569444444474,0.0013506944444444475,0.0020339543269230808,0.001572115384615386,0.0017356770833333362,0.001959374999999998,0.0018616727941176494,0.0017739583333333333,0.0013734375,0.0016278409090909067,0.0019410156249999961,0.0014850260416666666,0.002012499999999997,0.0017725183823529438,0.0016093749999999997,0.002119554924242426,0.0019822916666666665,0.001728515624999994,0.0017390625000000002,0.001919170673076927,0.0021028645833333355,0.0017404513888888916,0.0018164062499999975,0.0016119791666666698,0.0019042968749999945,0.0016140625000000011
1_words.csv,0.001414571005917159,0.0014873798076923074,0.00240939349112425,0.001442307692307694,0.0013461538461538459,0.001660040680473372,0.0017816742081447976,0.0014414491758241738,0.001399572649572649,0.001692457932692308,0.0018902551775147904,0.00163641826923077,0.0016683616863905312,0.00163611778846154,0.0016083916083916073,0.0016544471153846169,0.001597850678733033,0.0014356303418803416,0.0015727163461538478,0.001615384615384616,0.0016354739010988992,0.001215659340659342,0.0016100045787545798,0.0015782752403846166,0.0016915064102564126,0.001606878698224851,0.0016240101809954768,0.0012620192307692282,0.0015913461538461541,0.001646634615384616,0.0014413831360946742,0.0015817307692307695,0.0015496222527472503,0.0016121794871794889,0.001797191295546561,0.0013461538461538444,0.0017501849112426015,0.001642878605769234,0.0015248397435897467,0.0016952838827838845,0.0017758413461538482,0.001425280448717951,0.001674371301775147,0.0013754507211538472,0.001373470279720282,0.0016057692307692316,0.0015422175480769233,0.0018634430473372765,0.0016142751479289916,0.0013557692307692316,0.001818139792899406,0.0014783653846153822,0.0014811390532544378,0.0014915865384615397,0.001688100961538463,0.0016312767094017078,0.0016392381656804716,0.0016971153846153872,0.0014310396634615384,0.001739182692307693,0.0017755681818181798,0.0015754437869822482,0.0012654532967032977,0.001710069444444442,0.00177977071005917,0.0013957331730769247,0.001384060650887573,0.001267361111111112,0.0012700320512820523,0.0016249075443786959,0.001681767751479289,0.001568509615384614,0.0015985576923076936,0.0014748303167420832,0.0016073717948717973,0.001251201923076924,0.0013986013986014019,0.0015961538461538476,0.0014493189102564126,0.001697716346153847,0.0016996606334841648,0.001399238782051284,0.0017300407925407919,0.001504006410256413,0.0013514122596153847,0.0016586538461538488,0.00168916420118343,0.0019471153846153826,0.0016205929487179455,0.001672475961538464,0.0012980769230769237,0.0015422175480769233,0.0013333333333333363
266_words.csv,0.001741374434389142,0.0017532169117647084,0.001442307692307694,0.0033261245674740723,0.0016727941176470592,0.0018159643665158344,0.0021188365051903143,0.0018178834033613469,0.0015686274509803932,0.002051930147058818,0.0018339932126696804,0.0019857536764705903,0.0017802601809954715,0.0020749080882352913,0.0019790274064171187,0.002305147058823535,0.0017263192041522516,0.0015676062091503275,0.0024843750000000057,0.0017527573529411795,0.001832983193277312,0.0013314075630252086,0.0021301645658263267,0.0017049632352941163,0.002109681372549016,0.0017123868778280548,0.0022788711072664375,0.0011500459558823543,0.0021401654411764763,0.0016492417279411746,0.0016480486425339373,0.0018630514705882382,0.0017410714285714301,0.001864583333333329,0.0021816950464396264,0.001744909502262446,0.0017742505656108572,0.00220530790441176,0.0017187499999999952,0.002073266806722686,0.002094439338235292,0.0018183210784313707,0.001986001131221716,0.0016894531249999965,0.0017438168449197885,0.0017118566176470608,0.0019025735294117606,0.0018460124434389092,0.0018810096153846108,0.001510110294117645,0.0021917420814479595,0.0016386554621848745,0.0017576357466063351,0.0014531249999999974,0.00207352941176471,0.0017437704248366034,0.0015716911764705895,0.0018743872549019571,0.0018445542279411733,0.0019002757352941187,0.0016698696524064228,0.001919541855203622,0.001387867647058822,0.002145629084967321,0.0018117222850678682,0.0017331112132352906,0.0016395644796380101,0.0013684640522875812,0.0013592728758169937,0.0019008059954751092,0.0016346153846153858,0.0018285334967320281,0.0018635110294117666,0.001757136678200693,0.0019497549019607816,0.0012656249999999968,0.0016502339572192542,0.002217371323529415,0.0015594362745098012,0.0015413602941176485,0.002124243079584778,0.001963082107843134,0.0018674799465240625,0.0019454656862745046,0.0019669117647058785,0.0017769607843137211,0.001861920248868775,0.0021686070261437928,0.0021440972222222204,0.0016534926470588253,0.0014756944444444446,0.002347196691176467,0.0015790441176470552
272_words.csv,0.001355502136752137,0.0014973958333333356,0.0013461538461538459,0.0016727941176470592,0.002959104938271618,0.0016486378205128193,0.0017187500000000002,0.001361607142857144,0.0013406635802469136,0.0015299479166666664,0.0015872061965811945,0.0016657986111111146,0.0015705128205128192,0.0016536458333333305,0.0015916982323232345,0.001797743055555558,0.0013858251633986924,0.0012461419753086417,0.0016631944444444465,0.0015156250000000024,0.0014942956349206363,0.0011284722222222228,0.001708829365079369,0.0015169270833333326,0.0015798611111111102,0.0014196047008547,0.001799428104575164,0.0010047743055555565,0.0014782986111111145,0.0014637586805555537,0.0014529914529914528,0.001649305555555559,0.0014781746031746054,0.0014861111111111088,0.0017068713450292415,0.0013287927350427353,0.0017033920940170923,0.0016243489583333322,0.0013263888888888876,0.0016823743386243412,0.0014344618055555547,0.001365740740740742,0.001609241452991451,0.0014138454861111103,0.001412563131313133,0.001613715277777781,0.001563585069444443,0.001724759615384614,0.0014817040598290583,0.001274305555555556,0.0018830128205128188,0.0012872023809523824,0.0015144230769230764,0.001296875,0.001571180555555558,0.0015065586419753094,0.0014783653846153842,0.0017719907407407402,0.001420355902777776,0.001681423611111113,0.0017100694444444468,0.001587873931623931,0.001378968253968255,0.0018142361111111115,0.00158386752136752,0.0013031684027777766,0.001547809829059828,0.0011033950617283944,0.0012789351851851857,0.001764823717948716,0.0013835470085470085,0.0015142746913580267,0.0015069444444444475,0.0015287990196078446,0.0015185185185185178,0.0012013888888888888,0.0013494318181818204,0.0015772569444444464,0.0012905092592592597,0.0014609375000000032,0.0015461601307189552,0.0014641203703703713,0.001543560606060609,0.0016655092592592585,0.0015364583333333309,0.0015011574074074053,0.0016673344017094,0.0017129629629629647,0.0015885416666666674,0.0015043402777777809,0.0012461419753086412,0.0015516493055555535,0.0012696759259259243
13_words.csv,0.001702107988165679,0.0021490384615384644,0.001660040680473372,0.0018159643665158344,0.0016486378205128193,0.0032216161242603473,0.0021136170814479594,0.0016389079670329632,0.001683360042735039,0.0019396033653846184,0.0025189534023668616,0.0021616586538461572,0.002362009985207097,0.001951998197115386,0.002262347027972021,0.0020700120192307754,0.0019244909502262402,0.0015277777777777748,0.0018843149038461568,0.00227133413461539,0.001785714285714283,0.0013573145604395597,0.0020718864468864495,0.001938852163461542,0.0019246794871794876,0.0018541974852070982,0.0020347850678733015,0.001518930288461538,0.0018590745192307726,0.001955378605769234,0.001671135355029584,0.0018242187500000038,0.0018728537087912055,0.001840144230769231,0.0020173329959514235,0.0017164386094674544,0.0021768676035502942,0.0017506760817307722,0.001692708333333333,0.0022893772893772904,0.0019260817307692332,0.002033754006410254,0.0022653938609467415,0.0018209134615384637,0.0018646197552447518,0.0019489182692307733,0.0018321814903846196,0.002062684911242601,0.002375878328402364,0.0017331730769230783,0.00220483542899408,0.001755236950549446,0.0017677514792899388,0.0018052884615384628,0.0018858173076923112,0.0019120592948717958,0.00197300295857988,0.002046073717948719,0.0019647686298076956,0.002179987980769233,0.002480332167832162,0.0017793084319526625,0.0017178914835164823,0.0019370993589743614,0.002212694156804731,0.00176832932692308,0.001756656804733725,0.0014616720085470064,0.0016619925213675203,0.002244822485207097,0.0017622041420118323,0.0019187366452991475,0.001958834134615389,0.0019587811085972806,0.0017748397435897445,0.0015126201923076938,0.001790319055944054,0.0019495192307692358,0.0015444711538461528,0.0022851562500000038,0.0018848981900452457,0.0016631610576923056,0.002250509906759904,0.002057692307692308,0.0017112379807692332,0.0018806089743589748,0.002273946005917157,0.001972489316239318,0.0017958733974358992,0.001977163461538465,0.0015925480769230745,0.0016631610576923104,0.001653846153846155
253_words.csv,0.0017442024886877843,0.0020937500000000053,0.0017816742081447976,0.0021188365051903143,0.0017187500000000002,0.0021136170814479594,0.003495891003460234,0.0019413077731092454,0.0014481209150326803,0.002403492647058819,0.0024452064479637955,0.002078125000000004,0.002027007918552031,0.002217945772058819,0.0022175802139037517,0.0024715073529411814,0.0020161115916955026,0.0016247957516339873,0.0022261029411764738,0.0021204044117647106,0.0020069590336134454,0.0013983718487394943,0.0020430672268907523,0.0020662913602941136,0.002439338235294116,0.001843891402714933,0.002227508650519032,0.0012798713235294137,0.0022945772058823584,0.0018250229779411742,0.0018092477375565629,0.0019545036764705916,0.0016439075630252117,0.0020226715686274487,0.002141544117647056,0.0014727092760181003,0.0021595729638009,0.002292049632352938,0.0020238970588235265,0.0023818277310924322,0.002490234374999996,0.001819087009803919,0.002391473416289588,0.0017802159926470558,0.001662767379679147,0.002039062500000004,0.0018956801470588194,0.0022239111990950194,0.0021677036199094983,0.0018740808823529387,0.0023260746606334785,0.002048319327731095,0.0019365101809954762,0.0016810661764705857,0.0020000000000000026,0.0021001838235294146,0.0019011595022624455,0.0020257352941176446,0.001748621323529409,0.002357536764705889,0.0024657419786096326,0.002196691176470589,0.001533613445378151,0.00213031045751634,0.002343396493212666,0.0017733226102941155,0.001698246606334843,0.0014338235294117658,0.0013715277777777784,0.00230203619909502,0.0017795531674208145,0.0020537173202614394,0.0020317095588235352,0.0018998702422145346,0.002294730392156862,0.001423713235294116,0.001712065508021395,0.002260110294117651,0.0016528799019607826,0.00202665441176471,0.002283737024221457,0.0020496323529411733,0.0021927918894830644,0.0018884803921568607,0.0017158777573529386,0.0019479166666666633,0.0021507352941176434,0.002414726307189541,0.0023355800653594777,0.0019103860294117678,0.0016748366013071899,0.002234604779411762,0.001650735294117643
586_words.csv,0.001528159340659338,0.0016947544642857166,0.0014414491758241738,0.0018178834033613469,0.001361607142857144,0.0016389079670329632,0.0019413077731092454,0.002858737244897967,0.0013926091269841289,0.0016943359374999975,0.0018393715659340618,0.0015948660714285756,0.0017256181318681288,0.0018010602678571398,0.001834415584415586,0.0018761160714285752,0.0019669117647058846,0.0015203373015873038,0.00183761160714286,0.0016356026785714322,0.0018805803571428587,0.0013775510204081642,0.001790497448979595,0.0016713169642857122,0.002013392857142856,0.00176940247252747,0.0020496323529411776,0.0012137276785714284,0.0017868303571428605,0.00185477120535714,0.0016200206043956009,0.0015345982142857166,0.0014971301020408182,0.001891369047619046,0.0018191964285714257,0.0015530563186813148,0.001850103021978017,0.0016915457589285693,0.0019598214285714267,0.0020742984693877574,0.002009626116071427,0.0015634300595238101,0.001842805631868129,0.0017047991071428552,0.0016801948051948041,0.001681919642857145,0.0017389787946428543,0.0019878949175824146,0.0017166037087912045,0.001526785714285713,0.002020518543956039,0.0017370854591836754,0.0015178571428571407,0.0013727678571428565,0.0016210937500000023,0.0017615327380952359,0.0013813530219780206,0.0015677083333333326,0.0016748046874999973,0.0016690848214285737,0.0018161525974025974,0.0016028502747252732,0.0012547831632653075,0.0018514384920634906,0.0018595467032966999,0.0017306082589285687,0.0015410370879120857,0.0012537202380952408,0.0013120039682539704,0.0017642513736263689,0.0016243131868131846,0.001972346230158726,0.001763950892857145,0.0016163340336134467,0.0019724702380952367,0.0011562499999999995,0.0016558441558441547,0.0019531250000000056,0.001750372023809525,0.0016456473214285735,0.0017443539915966404,0.0015978422619047632,0.001833400974025972,0.0016011904761904746,0.0016761997767857123,0.0016540178571428548,0.0017191792582417545,0.001852058531746029,0.0018824404761904735,0.00182589285714286,0.0015575396825396853,0.0016985212053571403,0.0017291666666666642
26_words.csv,0.0012553418803418802,0.0015911458333333363,0.001399572649572649,0.0015686274509803932,0.0013406635802469136,0.001683360042735039,0.0014481209150326803,0.0013926091269841289,0.0026620370370370496,0.0014301215277777758,0.0016312767094017074,0.0016241319444444482,0.0014262820512820494,0.0016134982638888874,0.0015127840909090937,0.0016163194444444493,0.0015369689542483655,0.0013599537037037048,0.0014548611111111147,0.0015920138888888928,0.0014484126984127003,0.0011731150793650802,0.001703042328042332,0.001385633680555554,0.0013715277777777769,0.0015411324786324782,0.0015196078431372548,0.001217447916666668,0.0013263888888888908,0.001546223958333331,0.0014383012820512824,0.0014331597222222252,0.001496775793650796,0.0015300925925925907,0.0015688961988304113,0.0014463141025641015,0.0015478098290598273,0.0014984809027777752,0.0014340277777777756,0.0017088293650793678,0.0015299479166666654,0.0015538194444444443,0.0015665064102564072,0.0012912326388888873,0.0014393939393939413,0.0014765625000000033,0.0016015624999999984,0.0016332799145299115,0.0014663461538461518,0.0013194444444444456,0.0017287660256410224,0.0013454861111111135,0.001310096153846154,0.0014375000000000015,0.0014522569444444461,0.0015605709876543206,0.0014596688034188027,0.0017939814814814797,0.0016579861111111081,0.001489583333333336,0.0017005997474747498,0.0012727029914529914,0.0015054563492063505,0.0018682484567901264,0.0013408119658119633,0.0013302951388888876,0.0014276175213675207,0.0013290895061728398,0.001302083333333334,0.0013474893162393141,0.001424946581196582,0.0015277777777777792,0.0015711805555555587,0.0014583333333333338,0.0015150462962962956,0.0011232638888888885,0.0015088383838383857,0.0014704861111111134,0.0012905092592592601,0.0014782986111111136,0.001370506535947713,0.0013512731481481483,0.0014541245791245805,0.0015081018518518505,0.0013780381944444435,0.001497685185185184,0.0015758547008546994,0.0016560570987654336,0.0014641203703703717,0.0014331597222222254,0.0013040123456790117,0.001446397569444442,0.001251157407407406
258_words.csv,0.0016090745192307708,0.001780273437499993,0.001692457932692308,0.002051930147058818,0.0015299479166666664,0.0019396033653846184,0.002403492647058819,0.0016943359374999975,0.0014301215277777758,0.0034179687499999905,0.002173227163461542,0.001859374999999995,0.0017788461538461567,0.0021563720703125,0.0019753196022727275,0.0022919921874999948,0.0017807904411764684,0.0013194444444444436,0.0021333007812499964,0.001923339843749994,0.0019531249999999991,0.0012569754464285719,0.0017852492559523826,0.002050170898437501,0.002296874999999998,0.0017179987980769245,0.0018951056985294086,0.0011877441406249974,0.0021738281249999943,0.0016351318359375006,0.0015482271634615385,0.0017441406249999922,0.0014557756696428547,0.0018632812499999988,0.0020996093750000016,0.0014746093750000002,0.002019230769230771,0.002226562500000002,0.0017265624999999991,0.0019619605654761915,0.0020886230468750012,0.0015877278645833328,0.002265249399038463,0.0016503906250000015,0.0016450639204545455,0.0017358398437499947,0.0017114257812500004,0.0019737830528846166,0.0019437349759615407,0.0016357421874999972,0.0020143479567307715,0.001854073660714283,0.0018915264423076937,0.0014677734374999975,0.0016596679687499946,0.0017312282986111113,0.001603064903846154,0.0016158854166666674,0.0016619873046875013,0.0019492187499999937,0.0020747514204545476,0.002173978365384619,0.001159319196428572,0.00166775173611111,0.002424504206730767,0.001635131835937501,0.0014385516826923078,0.0012858072916666651,0.0011610243055555547,0.001958383413461541,0.0017022235576923078,0.0018261718750000018,0.0017504882812499933,0.00173540900735294,0.0019160156250000004,0.001266601562499998,0.0015207741477272726,0.0020249023437499936,0.0016162109374999983,0.0017622070312499946,0.00208122702205882,0.0020865885416666654,0.0018572443181818147,0.0015794270833333346,0.0014215087890624997,0.001749348958333333,0.0019095552884615414,0.0022954644097222254,0.0023155381944444456,0.0017163085937499944,0.0014756944444444427,0.001997680664062502,0.001531901041666666
7_words.csv,0.0018740754437869798,0.0023476562500000064,0.0018902551775147904,0.0018339932126696804,0.0015872061965811945,0.0025189534023668616,0.0024452064479637955,0.0018393715659340618,0.0016312767094017074,0.002173227163461542,0.0037906804733727757,0.0023524639423076962,0.0024251109467455594,0.0018381911057692335,0.0025382430069930016,0.002266225961538467,0.0019852941176470556,0.0015751869658119633,0.002057692307692312,0.0021778846153846176,0.0021754807692307664,0.0014878090659340634,0.0022375801282051282,0.002182992788461541,0.0021726762820512835,0.0020053624260355013,0.0021754807692307655,0.0015557391826923092,0.002057391826923082,0.001954627403846156,0.0015282914201183418,0.002040865384615388,0.0018458104395604345,0.0021137820512820513,0.0021685222672064826,0.0017053439349112407,0.0022693232248520703,0.0020492788461538495,0.0019274839743589746,0.0024771062271062264,0.002337364783653847,0.0019591346153846148,0.002487749630177512,0.0017803485576923103,0.001730769230769229,0.002153245192307697,0.0020094651442307734,0.002495377218934908,0.0024972263313609456,0.001787259615384617,0.002528892381656802,0.0019110576923076876,0.0018500369822485195,0.0018798076923076926,0.0019672475961538486,0.0018038862179487179,0.001926775147928992,0.002043269230769232,0.0019381009615384657,0.0025820312500000058,0.0028816105769230707,0.0020548261834319524,0.0016698145604395575,0.0020372596153846174,0.0027829142011834285,0.0019170673076923095,0.0018657544378698212,0.0015771901709401687,0.0015424679487179474,0.002471801035502957,0.001920765532544376,0.0019815037393162423,0.002179086538461544,0.0021125565610859687,0.0018080929487179493,0.0016237980769230767,0.0017821241258741227,0.0020588942307692344,0.00169971955128205,0.00236508413461539,0.002086043552036195,0.0018274238782051261,0.00226853875291375,0.0020681089743589767,0.0017961237980769252,0.00178926282051282,0.002456545857988165,0.0021654647435897447,0.0020569577991453006,0.0022481971153846207,0.0017815170940170917,0.0018765024038461576,0.001814503205128206
571_words.csv,0.0017433894230769248,0.0020300781249999963,0.00163641826923077,0.0019857536764705903,0.0016657986111111146,0.0021616586538461572,0.002078125000000004,0.0015948660714285756,0.0016241319444444482,0.001859374999999995,0.0023524639423076962,0.0028890624999999824,0.002046875000000003,0.001793457031249996,0.0022958096590909075,0.0020207031249999947,0.0018474264705882393,0.0014522569444444472,0.001920703124999997,0.0020160156249999965,0.0017444196428571433,0.0012946428571428562,0.0022139136904761906,0.002009277343749993,0.0017598958333333336,0.001718750000000001,0.0020340073529411798,0.0013710937499999982,0.0019214843749999983,0.0016059570312499955,0.001621995192307693,0.0018878906249999966,0.0017845982142857162,0.0019671875,0.0020785361842105264,0.0018004807692307706,0.0020802283653846183,0.001837402343749995,0.0016932291666666667,0.002360491071428571,0.0020747070312499964,0.0017630208333333326,0.0020258413461538495,0.0017866210937499938,0.0016988636363636342,0.0018136718749999989,0.002037597656249993,0.0021454326923076965,0.002080829326923082,0.0015703124999999997,0.002174278846153852,0.001785156250000003,0.001807692307692308,0.0016468750000000008,0.001929296874999997,0.0018871527777777806,0.0017554086538461554,0.001890104166666667,0.0019628906249999933,0.0022851562499999955,0.002185369318181818,0.0017956730769230777,0.0014654017857142847,0.0020776909722222243,0.0020679086538461563,0.0017861328124999939,0.00183173076923077,0.0014470486111111147,0.0015008680555555593,0.0020006009615384647,0.001560697115384617,0.0018901909722222256,0.0019011718749999975,0.0019443933823529457,0.0017140625000000005,0.001460937499999999,0.001653409090909089,0.0020035156249999997,0.001590494791666667,0.002115624999999996,0.0019053308823529444,0.0018372395833333327,0.0019095643939393927,0.001968749999999999,0.0019975585937499927,0.001671875000000001,0.0020438701923076947,0.001987413194444447,0.0018849826388888911,0.0017835937499999987,0.00147916666666667,0.0018466796874999946,0.0015317708333333346
18_words.csv,0.0016997965976331345,0.0020276442307692343,0.0016683616863905312,0.0017802601809954715,0.0015705128205128192,0.002362009985207097,0.002027007918552031,0.0017256181318681288,0.0014262820512820494,0.0017788461538461567,0.0024251109467455594,0.002046875000000003,0.0035992973372780987,0.001800255408653848,0.002176573426573421,0.0019338942307692347,0.002019937782805425,0.00158253205128205,0.0018076923076923094,0.0019591346153846187,0.0017749828296703266,0.0013392857142857136,0.0020801854395604393,0.0019339693509615413,0.0018525641025641032,0.0018976516272189337,0.001967265271493211,0.0014438100961538477,0.0018176081730769261,0.001781475360576925,0.001810281065088756,0.0018698918269230806,0.0018745707417582383,0.001742387820512821,0.001959450910931179,0.0015509430473372757,0.0025328217455621266,0.0019133112980769262,0.0017792467948717953,0.0021783424908424914,0.0018141526442307712,0.0018234174679487153,0.002206684541420116,0.001954627403846157,0.0017154720279720257,0.0021481370192307733,0.0019103064903846184,0.0021331823224852034,0.002300989275147927,0.0015504807692307697,0.0022094582100591694,0.0016852678571428533,0.0017575813609467437,0.001664663461538462,0.0018792067307692331,0.002111044337606839,0.001991494082840235,0.0018237179487179493,0.0018565955528846178,0.0021745793269230805,0.0024300699300699243,0.0016678994082840232,0.0015659340659340641,0.0018583066239316257,0.0022025240384615364,0.0018599759615384652,0.0018315458579881644,0.001384882478632477,0.001650641025641024,0.0022559171597633116,0.0017326183431952643,0.0019140625000000024,0.001870192307692311,0.001862980769230765,0.0016746794871794876,0.0015685096153846164,0.001699082167832166,0.0019236778846153883,0.0017227564102564087,0.0021123798076923108,0.0018315186651583684,0.0015865384615384608,0.0023657852564102537,0.0019439102564102575,0.0017333984375000012,0.001749198717948719,0.002205991124260354,0.0017491319444444455,0.0018302617521367536,0.002046875000000004,0.001489049145299143,0.0016259765625000016,0.001718750000000002
279_words.csv,0.0015632512019230786,0.0017294921874999945,0.00163611778846154,0.0020749080882352913,0.0016536458333333305,0.001951998197115386,0.002217945772058819,0.0018010602678571398,0.0016134982638888874,0.0021563720703125,0.0018381911057692335,0.001793457031249996,0.001800255408653848,0.0034558105468749907,0.0018035333806818196,0.0020522460937499954,0.0019904641544117624,0.0016536458333333318,0.002042480468749996,0.001767578124999995,0.002136579241071428,0.0015248325892857138,0.0017945498511904774,0.0019464111328125013,0.002270182291666666,0.001964393028846156,0.0018841911764705865,0.0013806152343749975,0.001855468749999995,0.001958007812500002,0.0016368689903846166,0.0017597656249999929,0.0017724609374999967,0.0020019531249999985,0.002028166118421052,0.0016218449519230782,0.002144305889423077,0.002007446289062499,0.0017617187499999994,0.002007998511904762,0.0023358154296874985,0.0017716471354166645,0.0019343449519230785,0.0017932128906250023,0.0019122869318181804,0.0017358398437499936,0.001755981445312499,0.0019339693509615404,0.0018855168269230802,0.0018007812499999955,0.0021356670673076924,0.0018450055803571393,0.0018855168269230774,0.001677734374999997,0.0016948242187499957,0.002003580729166668,0.00181865985576923,0.0021080729166666665,0.0016455078125000014,0.0017016601562499952,0.0017755681818181833,0.0016210937500000001,0.0016210937499999988,0.0021354166666666683,0.0018765024038461555,0.0016986083984375014,0.0015579927884615398,0.0014702690972222207,0.0015798611111111083,0.0018490835336538493,0.0017322716346153853,0.0018413628472222251,0.0017670898437499932,0.001779067095588233,0.0021621093749999987,0.0012675781249999974,0.001748934659090908,0.0020664062499999953,0.0016918945312499986,0.0017333984374999934,0.002074908088235291,0.0017757161458333299,0.0019966264204545415,0.0015820312500000008,0.00153076171875,0.0019498697916666666,0.0018828876201923105,0.002398003472222224,0.0020686848958333327,0.0017280273437499942,0.0014811197916666647,0.001973876953125,0.0016653645833333318
565_words.csv,0.0018711756993006951,0.0021999289772727296,0.0016083916083916073,0.0019790274064171187,0.0015916982323232345,0.002262347027972021,0.0022175802139037517,0.001834415584415586,0.0015127840909090937,0.0019753196022727275,0.0025382430069930016,0.0022958096590909075,0.002176573426573421,0.0018035333806818196,0.0032728564049586528,0.0021139914772727282,0.0019823696524064235,0.0014977904040404072,0.0019747869318181787,0.0019733664772727264,0.0018217329545454541,0.0013321834415584407,0.002310267857142857,0.002241654829545459,0.0019365530303030332,0.001803430944055942,0.002287349598930487,0.001460404829545453,0.0021505681818181814,0.001899857954545456,0.001516608391608391,0.0019048295454545429,0.001769987824675325,0.0018915719696969726,0.0022570275119617243,0.0018181818181818156,0.0022197333916083883,0.0019677734375000006,0.001783617424242427,0.002526041666666669,0.002149769176136366,0.0019679214015151493,0.0022432255244755187,0.0018474786931818197,0.0019253615702479363,0.001900923295454543,0.0019331498579545471,0.002136691433566427,0.002265351835664331,0.0016669034090909078,0.0023142482517482456,0.0019115259740259758,0.0017351398601398573,0.001833096590909089,0.0018448153409090892,0.0019030145202020236,0.0017537150349650323,0.0020000000000000035,0.002003284801136366,0.002507102272727274,0.002406379132231399,0.002029064685314683,0.001426542207792207,0.0020221748737373757,0.002428704108391604,0.0018900923295454553,0.0019749781468531426,0.001529356060606064,0.001550662878787881,0.0021790319055944004,0.0016122159090909088,0.0019136679292929325,0.002110085227272727,0.0018938001336898454,0.0018025568181818216,0.0014609374999999978,0.0018666064049586801,0.0021406250000000006,0.0016844223484848468,0.0021079545454545465,0.0019397560160427862,0.0020253314393939353,0.002204502410468324,0.002096117424242428,0.0018616832386363655,0.0016865530303030337,0.0021123798076923017,0.00189630681818182,0.002046243686868687,0.001905539772727271,0.001654829545454548,0.001932262073863637,0.0017395833333333373
255_words.csv,0.0016748798076923102,0.0018839843749999972,0.0016544471153846169,0.002305147058823535,0.001797743055555558,0.0020700120192307754,0.0024715073529411814,0.0018761160714285752,0.0016163194444444493,0.0022919921874999948,0.002266225961538467,0.0020207031249999947,0.0019338942307692347,0.0020522460937499954,0.0021139914772727282,0.0032984374999999785,0.0018524816176470622,0.0015407986111111152,0.0024007812499999962,0.0021097656249999958,0.0020022321428571437,0.001254464285714285,0.002129464285714285,0.0020908203124999926,0.0023145833333333334,0.0018143028846153843,0.0022008272058823566,0.0013076171874999967,0.0022070312499999946,0.0017744140624999932,0.0016424278846153865,0.0020281249999999965,0.001696986607142861,0.002027083333333333,0.002120888157894735,0.001478966346153846,0.002136117788461541,0.0023012695312499944,0.0018281250000000003,0.0022972470238095235,0.0022573242187499958,0.0018268229166666671,0.0023990384615384668,0.0016855468749999937,0.0017258522727272693,0.0018726562499999976,0.0020375976562499935,0.002099759615384619,0.002022836538461545,0.0017085937499999994,0.0026231971153846206,0.0018141741071428601,0.0017962740384615406,0.0016992187499999991,0.001989843749999997,0.0019201388888888922,0.0018972355769230793,0.0018765625000000004,0.0018159179687499936,0.002083984374999997,0.002311789772727273,0.002028245192307694,0.0016573660714285707,0.0019210069444444478,0.0023593750000000043,0.001692382812499995,0.0017211538461538477,0.0013862847222222254,0.0014053819444444476,0.0023713942307692364,0.0017638221153846185,0.0019661458333333362,0.0020960937499999977,0.0017913602941176535,0.0019364583333333337,0.0013218749999999988,0.0018913352272727248,0.0023281249999999956,0.001585937500000001,0.0019269531249999962,0.0022228860294117715,0.002117838541666664,0.002026515151515148,0.0018776041666666676,0.0016562499999999939,0.0018781250000000005,0.0019807692307692347,0.0023467881944444447,0.0023524305555555564,0.0018124999999999962,0.0016822916666666705,0.002157714843749996,0.0015510416666666674
580_words.csv,0.0015497737556561101,0.0018658088235294146,0.001597850678733033,0.0017263192041522516,0.0013858251633986924,0.0019244909502262402,0.0020161115916955026,0.0019669117647058846,0.0015369689542483655,0.0017807904411764684,0.0019852941176470556,0.0018474264705882393,0.002019937782805425,0.0019904641544117624,0.0019823696524064235,0.0018524816176470622,0.0031509515570934516,0.0016799428104575177,0.001810661764705885,0.0018961397058823558,0.002112657563025212,0.0014325105042016792,0.0019432773109243676,0.001906020220588231,0.0019393382352941152,0.001802177601809956,0.0017922794117647065,0.0015062040441176496,0.0017794117647058835,0.0019611672794117613,0.0016565328054298644,0.0016626838235294149,0.0017844012605042023,0.0020796568627450937,0.0019146671826625378,0.0017583427601809976,0.0022603223981900403,0.0017158777573529397,0.0020330882352941134,0.002176995798319325,0.0020783547794117627,0.0016773897058823502,0.0018958569004524865,0.002004250919117643,0.0018248663101604321,0.0018965992647058854,0.0018956801470588218,0.0018612132352941136,0.0018513150452488657,0.0016249999999999965,0.00208038744343891,0.002005646008403363,0.0015589649321266976,0.001728860294117644,0.0017545955882352963,0.002273794934640524,0.0015780542986425354,0.001642769607843135,0.0017526424632352917,0.0020050551470588273,0.0020880681818181888,0.0017067307692307698,0.0013826155462184871,0.0018954248366013092,0.001907876131221715,0.002030675551470585,0.0015419966063348442,0.001511437908496732,0.0015073529411764705,0.001862273755656105,0.0014896776018099554,0.0020705678104575177,0.0017858455882352974,0.0017928200692041525,0.0018970588235294103,0.001382352941176468,0.001749665775401074,0.0020064338235294154,0.0017524509803921533,0.0018501838235294142,0.0017328070934256067,0.0017991727941176437,0.002175802139037432,0.0016488970588235266,0.0016159237132352929,0.0017162990196078396,0.0018665158371040697,0.00201746323529412,0.0019383169934640535,0.0018111213235294129,0.0015910947712418314,0.001869255514705879,0.0018026960784313679
20_words.csv,0.0012913995726495727,0.0015112847222222253,0.0014356303418803416,0.0015676062091503275,0.0012461419753086417,0.0015277777777777748,0.0016247957516339873,0.0015203373015873038,0.0013599537037037048,0.0013194444444444436,0.0015751869658119633,0.0014522569444444472,0.00158253205128205,0.0016536458333333318,0.0014977904040404072,0.0015407986111111152,0.0016799428104575177,0.0027777777777777905,0.0015711805555555585,0.0015355902777777811,0.0016592261904761925,0.0012251984126984137,0.0016121031746031786,0.0014507378472222207,0.001555555555555554,0.0015170940170940166,0.0016584967320261439,0.0011371527777777782,0.001395833333333337,0.0014312065972222198,0.001372863247863248,0.0014496527777777817,0.0016046626984127003,0.0017152777777777756,0.0017397660818713467,0.0013822115384615375,0.0016593215811965781,0.0014898003472222207,0.0014629629629629604,0.0018336640211640254,0.0018912760416666644,0.0015668402777777768,0.0014416399572649554,0.0014648437499999987,0.001548295454545457,0.0014782986111111132,0.0015310329861111089,0.0016232638888888861,0.0015805288461538441,0.0013454861111111126,0.0017240918803418787,0.0013678075396825423,0.0012660256410256413,0.001453125000000001,0.0015156250000000033,0.0016116898148148154,0.0014636752136752132,0.001528935185185183,0.00148003472222222,0.001597222222222225,0.0016564078282828314,0.0013501602564102578,0.0014335317460317468,0.001732253086419755,0.0014670138888888868,0.0013910590277777773,0.0014436431623931624,0.001226851851851852,0.0011439043209876534,0.0014743589743589722,0.0013915598290598287,0.0016030092592592613,0.001567708333333337,0.0014522058823529416,0.0017638888888888875,0.001236111111111112,0.0014930555555555587,0.0014852430555555576,0.001317997685185186,0.0014036458333333364,0.001564542483660132,0.001286168981481482,0.0018750000000000038,0.0015671296296296275,0.0014756944444444433,0.0015370370370370355,0.0014923878205128182,0.0019000771604938287,0.0014322916666666679,0.0015763888888888917,0.001336805555555556,0.0014919704861111093,0.0012858796296296281
260_words.csv,0.0017001201923076944,0.0016343749999999976,0.0015727163461538478,0.0024843750000000057,0.0016631944444444465,0.0018843149038461568,0.0022261029411764738,0.00183761160714286,0.0014548611111111147,0.0021333007812499964,0.002057692307692312,0.001920703124999997,0.0018076923076923094,0.002042480468749996,0.0019747869318181787,0.0024007812499999962,0.001810661764705885,0.0015711805555555585,0.003514062499999983,0.0018894531249999981,0.0018376116071428595,0.0013080357142857132,0.002072172619047619,0.0018515624999999951,0.0022604166666666667,0.0019098557692307702,0.0023363970588235316,0.001224609374999999,0.0021171874999999967,0.0016118164062499947,0.001514423076923078,0.0017996093749999983,0.001752232142857145,0.0017833333333333332,0.0020847039473684205,0.0016328125000000025,0.0017052283653846182,0.0021708984374999947,0.0016161458333333338,0.002152901785714286,0.0019882812499999953,0.0019055989583333331,0.002177884615384617,0.0015498046874999954,0.0017798295454545432,0.001784765624999999,0.0019072265624999938,0.0017788461538461567,0.0018542668269230795,0.001605468749999999,0.0022974759615384654,0.0016545758928571451,0.001704927884615387,0.0014749999999999997,0.0018226562499999972,0.0016527777777777817,0.001618990384615387,0.0020520833333333333,0.0018867187499999924,0.0019570312499999987,0.0018455255681818176,0.0018623798076923097,0.001646205357142856,0.002172743055555556,0.0018813100961538496,0.0017343749999999953,0.0016850961538461549,0.001330729166666669,0.0014869791666666688,0.0018461538461538494,0.001766225961538462,0.001847222222222226,0.0019062499999999984,0.0017771139705882388,0.001874479166666667,0.0012609374999999995,0.0017485795454545436,0.0021632812499999972,0.0015891927083333335,0.001631640624999998,0.0021383272058823556,0.0020449218749999977,0.0018877840909090901,0.0018078124999999997,0.001989746093749994,0.0017645833333333344,0.0021427283653846175,0.0021050347222222247,0.0021979166666666696,0.0017601562499999987,0.001497395833333336,0.002217773437499995,0.0014989583333333337
