Nothing,577_words.csv,563_words.csv,1_words.csv,266_words.csv,272_words.csv,13_words.csv,253_words.csv,586_words.csv,26_words.csv,258_words.csv,7_words.csv,571_words.csv,18_words.csv,279_words.csv,565_words.csv,255_words.csv,580_words.csv,20_words.csv,260_words.csv,568_words.csv,274_words.csv,15_words.csv,562_words.csv,576_words.csv,273_words.csv,12_words.csv,267_words.csv,27_words.csv,252_words.csv,587_words.csv,6_words.csv,259_words.csv,19_words.csv,278_words.csv,564_words.csv,570_words.csv,21_words.csv,254_words.csv,581_words.csv,569_words.csv,275_words.csv,14_words.csv,261_words.csv,589_words.csv,29_words.csv,3_words.csv,575_words.csv,269_words.csv,561_words.csv,30_words.csv,251_words.csv,584_words.csv,559_words.csv,24_words.csv,264_words.csv,578_words.csv,11_words.csv,270_words.csv,573_words.csv,567_words.csv,5_words.csv,262_words.csv,17_words.csv,276_words.csv,257_words.csv,582_words.csv,8_words.csv,22_words.csv,28_words.csv,249_words.csv,2_words.csv,588_words.csv,560_words.csv,574_words.csv,268_words.csv,25_words.csv,31_words.csv,250_words.csv,585_words.csv,10_words.csv,271_words.csv,265_words.csv,579_words.csv,566_words.csv,572_words.csv,4_words.csv,16_words.csv,277_words.csv,263_words.csv,9_words.csv,23_words.csv,256_words.csv,583_words.csv
577_words.csv,0.034537046619539234,0.0024608515585254793,0.004108577910367287,0.0033509438431368606,0.0038031514050941824,0.0022155393826768393,0.0029157455711833658,0.0027773036485778057,0.0039058811341004173,0.0030448711452156388,0.0022426227130136144,0.0030853064581506527,0.001832123893663568,0.003878922333131177,0.0024881693693140617,0.003617711950741913,0.0031045970953689824,0.004358325860000952,0.0043416082794791025,0.0026992903623150244,0.0038610586333971504,0.003956480891465084,0.003014509998954892,0.002912478182699668,0.004418586487025734,0.003125594838762922,0.004303304903852873,0.004390118268276971,0.003249851995950283,0.0028962953984578025,0.00365242566183122,0.0027073182234308673,0.003941447395570024,0.003045693320088127,0.004654719513633685,0.005345520389932917,0.0021362400830479706,0.0033018162367094957,0.002959452333778051,0.0041484602618795784,0.003654082000622614,0.0033581352087148544,0.003114395959277716,0.0024285823564160684,0.003857226070475067,0.002771168757770611,0.00434902149675116,0.00237695043609532,0.0024884218717308175,0.004277039364912931,0.0031901958971107297,0.002567366201922154,0.003568889411739418,0.003681261313965836,0.0025899805742064046,0.0026950191403380835,0.0038200309917126394,0.0033904314946323903,0.004746416733827156,0.0029403820714481712,0.0021712817519008,0.00411428519337447,0.00487261614610895,0.003434012309341059,0.002165752668010104,0.002636968570743024,0.00354272778164589,0.004013180138525178,0.0049830341720018545,0.0025624720731106457,0.004060464951386223,0.0028436046641313753,0.0026235177980047787,0.004468927804536545,0.0034579118150085634,0.004252072290545177,0.00467539077851073,0.0037418804726227473,0.0028789493575901784,0.002846618618135314,0.0029472218479606772,0.004500558639705501,0.0023173287217087292,0.00330446379643296,0.005096446730625991,0.0035341272685022315,0.00249032105766395,0.0037258095693192723,0.003914202837933164,0.0023679544353286536,0.004075626558601936,0.004163061921950023,0.002923195928148981
563_words.csv,0.0024608515585254793,0.024789332292406634,0.0025683499331255653,0.0017721344128744548,0.0032501437785385184,0.0030155943856511247,0.002919033141128775,0.0029733559494606126,0.004064511330961836,0.0024916067480373907,0.0024569263189733325,0.004075887199470563,0.0023033572658571,0.002804340498233242,0.003616552050529951,0.0027105970339328525,0.0031145506637183366,0.0035050509144128354,0.002316783433619558,0.003769695271684021,0.003213943072007789,0.004250529587953184,0.003660590500692203,0.003761660395625442,0.0030123755025065007,0.0030298620206759175,0.0024294430801052916,0.003212949280048754,0.002559309280912304,0.0033361428761004156,0.002328464788798218,0.003159525687702242,0.003514676999043669,0.00283617094602965,0.0033334612634945294,0.002267527054839049,0.0029962646340384084,0.0021727922286209457,0.003590009589117198,0.003571488156873755,0.0032568303070760127,0.0028629552266650586,0.0026661881910748607,0.0026540878133730675,0.002645614941712363,0.002867400917937725,0.002828727389200237,0.002666388071812106,0.003069930577120315,0.0031158756024013013,0.0027868628287677807,0.0030118698479077288,0.0023553362887593385,0.0037636291967959395,0.0019361103292398192,0.002833103918591464,0.003668877256488625,0.0027301249644090765,0.0023314528012717693,0.0035122132367870905,0.0028372837199541505,0.0035318380123891407,0.0032829594282927253,0.0030772980181630245,0.0024674031239417956,0.002608093094486784,0.004481304693096868,0.0038698845481747587,0.0028514914269098905,0.0027566161633736804,0.0025776364861498967,0.002942086844598169,0.0038280574110886845,0.0029182197299724134,0.003370747563637367,0.003229063326362051,0.0027900357978897,0.003220807422104599,0.0030817949436059,0.003702659880673914,0.002091209277037881,0.0032231661966517504,0.002338037286622983,0.004702488959712998,0.0022389801967413053,0.0032660041836480753,0.002190394717122338,0.003113590185919465,0.0037063513005811265,0.0025091395507046504,0.0035840716173853515,0.003727037000119943,0.0027293624096663095
1_words.csv,0.004108577910367287,0.0025683499331255653,0.030040167247299597,0.0029353691651476336,0.0037370668858006254,0.002432585092252186,0.0035735475630685283,0.0033028023399908598,0.004152260235612964,0.0035615035269587437,0.0030420087294733464,0.003064169145385756,0.002309132591771915,0.00330406006924101,0.0025498115700510896,0.0029637089427679494,0.003173887041468641,0.003979403623992894,0.0035690311897732187,0.002501186672146112,0.0036419536995689855,0.004669728081773139,0.0033891682465799593,0.003153834318409684,0.003940070710868512,0.003807589473450061,0.002756841421987217,0.004210928568738587,0.002760264575204017,0.0029890870384560323,0.003480893514432435,0.003019894029612743,0.004196310583666189,0.0033467509637604967,0.0038060990998585657,0.003333362725510534,0.0022352240879938865,0.0029088709545755705,0.0030318141797861333,0.0032934895945991166,0.004074742902785899,0.00357276503218803,0.0025332834961756404,0.0029625613517391914,0.003692426845350552,0.003041816637593422,0.0031855701794302528,0.0026423320563560672,0.0026206651751196418,0.004377598042941357,0.002697670854711505,0.0029036529252934244,0.003120665839843625,0.0039009911713602384,0.002506716364288814,0.0029647928184510287,0.0041271538669664,0.00343763943962143,0.0033929956486603626,0.003104687361142788,0.0025892553334799532,0.0036490734260006363,0.004046568706615244,0.0031772715225589377,0.00280113296155261,0.0031639798712571944,0.0038249123719923794,0.0038260503657516595,0.004510781262616574,0.0023880614693596327,0.003896871234944102,0.0027198367762496342,0.0026583769140213344,0.003128874489390281,0.003521850689859139,0.003383501527197597,0.003618919061403971,0.0036975900315806658,0.00358825082303388,0.003305598085418432,0.002970034256576284,0.004008380270013434,0.0024095962287448867,0.0035376992860037316,0.0031769519126257023,0.003748734270910628,0.002752856346988976,0.003601918657972563,0.0031342671186254086,0.003054224966610595,0.003970698773346988,0.00341197366266533,0.003190226821982956
266_words.csv,0.0033509438431368606,0.0017721344128744548,0.0029353691651476336,0.02218849270821575,0.00332863000010097,0.0013811423903794815,0.002391500008266116,0.002579639005798915,0.003170395318698977,0.0023128014376381676,0.0013402658536291402,0.002228184818189752,0.0011726147908295728,0.0027524304084627334,0.0016316907864099728,0.002521791521034735,0.0025258910966794216,0.003041638536884644,0.0032900395607874267,0.0019156782337028046,0.0027928540641619496,0.0034313232079896555,0.002299091831842418,0.0017607369023712911,0.0030373866621629456,0.002278486936370551,0.003157095225174428,0.0030379359238012246,0.002053898771368274,0.0023735920883189723,0.0039037684064621605,0.0017033011267154725,0.0029935859857152082,0.0024246211191847286,0.0032583085550562363,0.0033594095739876897,0.0016192000062137703,0.004060088921215777,0.002364029697269502,0.0025232420289184156,0.0027740446722007085,0.0025604429691288566,0.0021602658892753593,0.002234442438226229,0.0026069976753983043,0.00185308184416431,0.003163954422361286,0.0016749181748646365,0.001604095529794463,0.0036394594349367167,0.0018863768867941944,0.0022946313687138443,0.0029514190635764014,0.0023584218923955055,0.0025041931107865384,0.002112625346886229,0.002853997931640453,0.0025706191490929764,0.002812349185449523,0.0017459501066635168,0.001244127450219502,0.0028905995782505093,0.003549898435424577,0.002689646810724652,0.0012116694367211044,0.0024679183981423693,0.002570426769696486,0.002845555813573802,0.0031431654647717747,0.0013713784527350508,0.002786084138277896,0.0024169409362879944,0.0019984349205530694,0.002693537158947884,0.002798825657809372,0.0030990358686315625,0.0033096911239485997,0.002405475177896241,0.002597092183150541,0.001975534097485812,0.002997197279935235,0.003941943177542761,0.0013201005397154226,0.00238909476644234,0.0030542982802284095,0.002826260898401252,0.0018117355064673187,0.002527056845768409,0.002630161093178879,0.0015592748738604187,0.003149255611364651,0.0029512976498923364,0.002292101563419526
272_words.csv,0.0038031514050941824,0.0032501437785385184,0.0037370668858006254,0.00332863000010097,0.025648512788654418,0.0031266914124915,0.0033852453659468287,0.003659162221054346,0.003924572495923886,0.003434896742832754,0.0025528617564280725,0.0035157539948424154,0.002413213523822635,0.0035978549739967254,0.002965712776887621,0.004297098761092924,0.0033657333153838845,0.003842996050376232,0.0036205751465955456,0.0032057280392307963,0.004132328930627281,0.004710079796448834,0.002970655696086429,0.003229126818764771,0.003684717901659441,0.003642158897222905,0.0035183667605754795,0.003953893489879023,0.003457390935771216,0.003536454015270677,0.0037591353972025563,0.002944217392556745,0.003927035586616304,0.0030743269349691417,0.003924283927986874,0.0033666858489896224,0.0027009579116165252,0.0037761276335218233,0.0035781401987740897,0.0037863041954941177,0.00411118772880576,0.0032993218409351054,0.003550045173197249,0.002755334914242724,0.0037519405782471507,0.003143065483135121,0.00364530652698645,0.002902907785993916,0.0030306553164024174,0.0035868557112762665,0.003314425790905567,0.00283738183046719,0.0035727293311693317,0.003429734584744557,0.003440323296617029,0.002926849773976737,0.0037868052794145114,0.0035694991107381507,0.003346904208881514,0.002892232267236966,0.0025553816939261225,0.004617066513521903,0.004414747418332623,0.003945764807159875,0.00252372271542302,0.002925986359207617,0.0035910709396993258,0.0037991768640120937,0.003646037013825321,0.003207269634363914,0.0037006400638191763,0.00330946088367501,0.003080970190099792,0.0039022406000415524,0.004239798262998689,0.0038280166105789247,0.003680376025527348,0.0033736683833175637,0.003122257856488356,0.0032328605066179955,0.0029855970706985594,0.00440593821565635,0.0027447703338869403,0.0036405131614847754,0.0032534700911710204,0.0037176560855054397,0.0030649305107890963,0.003709642653063964,0.00449018334723792,0.0031339785543679512,0.004048004293342174,0.0042225979018271145,0.0029706622935979066
13_words.csv,0.0022155393826768393,0.0030155943856511247,0.002432585092252186,0.0013811423903794815,0.0031266914124915,0.025438628170640073,0.002130461243618426,0.0020529216913539013,0.0032177569953154715,0.0020764785063516625,0.0023396153744459436,0.0031455595399901247,0.0024433509253670676,0.0025291127416960366,0.002584116856702929,0.0022338191258091636,0.0021913892888673872,0.002870607371957811,0.001789666176768321,0.0026982940564416144,0.0026901525319519867,0.0032110938143561103,0.0021226800749695623,0.0026253775173338007,0.0022419362697693184,0.002739694329534517,0.0021914026548595917,0.0030397976160965188,0.002217858098520336,0.002262560395418154,0.0020916181236922135,0.0024607010560619923,0.002685809756703606,0.0019335198706284973,0.0024712226136366284,0.0019211511039024618,0.002108928324892107,0.001898915010452375,0.002840169882712616,0.0029794748722213123,0.0025139359516703846,0.0021692036026214534,0.0025503599747731132,0.0019630667491882924,0.0022820020671219543,0.0021894726650784563,0.0024406199386536294,0.0019012834824217188,0.002761264630712393,0.0024346598013933033,0.00233915660370558,0.001810121599791892,0.0024125971793604547,0.0026950300218303545,0.0017706402032058005,0.001975227705831332,0.003050970082746758,0.0024006687401055184,0.0017120510276562048,0.0024265523086944747,0.0023197673196559718,0.0032662770365860256,0.002804954166287269,0.002394579380670716,0.0019892205759740327,0.0019342341764352728,0.0033787381000998052,0.0035839445741300663,0.0026763185559550914,0.002244940930896271,0.002615356375013878,0.002392121536306367,0.0026762387881098383,0.0023324926413250614,0.002776924593590073,0.0029790118138253822,0.0023351001948472105,0.00264999394150995,0.002166157881340372,0.0027776864728468343,0.001442625360250609,0.002694373537940446,0.0020055533445904163,0.003499799707019091,0.0017928512273035857,0.0025125952276996194,0.0016924629383379228,0.0023916245156896574,0.003664623642426171,0.001971448906612989,0.0026992588923089723,0.002867259309127602,0.0018457723620974192
253_words.csv,0.0029157455711833658,0.002919033141128775,0.0035735475630685283,0.002391500008266116,0.0033852453659468287,0.002130461243618426,0.028705412046937374,0.003490217768721623,0.003717067889806997,0.0036860904258622144,0.0022651176808800915,0.0032664095614709193,0.0017796641860323267,0.003011460871711767,0.002785521863254648,0.0035236077715658006,0.003089923456109674,0.0033066724077768323,0.003296484322335103,0.0029717669013194143,0.004052841041513712,0.004850192224606751,0.0036761778353901933,0.0031566232781212716,0.004299953835297458,0.0031689142453260252,0.00227902364961409,0.0032024592685639263,0.002176203161175212,0.0028398738724787014,0.0031495721689791833,0.0027807072378217995,0.0034403594387304548,0.003241071749428818,0.003358115090109088,0.002703763834335945,0.002558010815849371,0.0030904095050569426,0.0034327613056976476,0.003644784783158327,0.0040922838789142196,0.003269661265174549,0.0026298090835567165,0.0032372979784825286,0.0029468941290673417,0.0027006954830400354,0.003111094918103584,0.003133809396390685,0.0023486246918349492,0.00397127767296175,0.002237892527022066,0.0033353678659277554,0.0033169486244448176,0.0034017662811311857,0.0020911339103320734,0.0031023695504012665,0.003512472646785635,0.0028050397943935722,0.002619914012454553,0.003207425897215854,0.0021531673954073506,0.0040264577823521,0.003659983336609433,0.0029888584934687455,0.002484536537015679,0.0027632862029633625,0.00379965575441855,0.0034284448011782155,0.0034574423080368432,0.0019812594279040546,0.002555426269413613,0.0028671739209694697,0.0029982465365620712,0.002311494735010375,0.004097648408089363,0.0030290531404524893,0.0027576888552878756,0.0034906280853306605,0.00329206970324014,0.003348380327715529,0.0027399986404181664,0.004322958649994656,0.0018310286992524296,0.0034612101609977834,0.0026156803852562297,0.0035276663045913778,0.0022014274816186674,0.0032439293771109744,0.00372329026137601,0.002666098178050712,0.0038249570768919545,0.0038059779167539318,0.002764590449777808
586_words.csv,0.0027773036485778057,0.0029733559494606126,0.0033028023399908598,0.002579639005798915,0.003659162221054346,0.0020529216913539013,0.003490217768721623,0.02712003183167658,0.004089808257750769,0.0030321286431269725,0.0019112471048237092,0.0034832798485527226,0.0016928830710613782,0.0029529798528662426,0.0025397403124027794,0.0028089375099016275,0.0039534895853478,0.004114898572089615,0.003111428485093774,0.0027281366136828566,0.0038383554963555906,0.004866309719269831,0.0032521865484003818,0.0026332698161463095,0.0036583653168555568,0.003460412164415288,0.002414375110747153,0.0032028880702849602,0.002508943444448862,0.003865860204296167,0.003259723879799795,0.0025641746721295202,0.003568866604823833,0.0032860745013509516,0.0037423912775901404,0.0026405877421455137,0.0023869598768888603,0.0027124723709240767,0.004299939688000735,0.003104772992977955,0.0037781766213050073,0.0029219930882955062,0.002649821518831881,0.003567763824854464,0.003145201380054887,0.002333828866384576,0.0033534144070820645,0.002635430058697989,0.0022075403554895185,0.0038186638378659094,0.0022585970378351883,0.0037276530049226565,0.0029206527744396675,0.003205899803354036,0.0022348837523911164,0.0029498203903010585,0.003169257586626183,0.0027436583533185796,0.0026979862927144693,0.0028850926643323263,0.0019723443011037747,0.003637843104785109,0.0034274061544788304,0.002909694121023822,0.0018777271066410342,0.003031644382599879,0.004005139520014528,0.003422464999324628,0.003231479220678332,0.00191055432569407,0.0029906087202113676,0.0038506986559277154,0.003016152036898654,0.0027786094263362333,0.0038364607116472865,0.0030696679535898433,0.0033241123623087387,0.0031878389448149976,0.004059216708675179,0.00336122273883365,0.0026455119691748616,0.0036298024882167714,0.0018392398622837961,0.003704730828290641,0.0026445996017132826,0.0038680305104969548,0.0022142446243950406,0.00348434968932688,0.0032494052982128276,0.002420567047748828,0.0039719410586739595,0.0035081778023892656,0.0034403354208944843
26_words.csv,0.0039058811341004173,0.004064511330961836,0.004152260235612964,0.003170395318698977,0.003924572495923886,0.0032177569953154715,0.003717067889806997,0.004089808257750769,0.0349652736157486,0.003469352367049215,0.0033852303446339624,0.004552045542976681,0.0024713694312521583,0.0037340873572720076,0.00392099028656181,0.003402854134062475,0.0039044093976976792,0.006244135231114833,0.0035689216631041966,0.0042895493138966866,0.003943010070866613,0.005862434988539089,0.004695045546970757,0.0037671306313899118,0.0038412272958649653,0.004561301699509266,0.0033759789500599447,0.005711389787661635,0.0035260908058465713,0.003898221747456566,0.003996192193775435,0.004120670650473928,0.0057334610821654685,0.0038982833443839435,0.004295224101043216,0.003854608544069039,0.003311778797489545,0.003237921854682196,0.0044868814772633814,0.004506960543721688,0.004480491032059322,0.005095992901564176,0.003724428080309796,0.0036081038632347308,0.004390733551725637,0.0030850001767701025,0.004560859075962258,0.0034830031575007925,0.0035515237576507633,0.005422404089696581,0.0039007908161756374,0.004193373508516276,0.003735864513340376,0.005254014871325934,0.002791254644748743,0.003780901315525356,0.004445988899465513,0.0037484815705157108,0.00393177969080801,0.004291610141452689,0.003501236694064458,0.004109257736698879,0.005251848449881465,0.00420762541624362,0.002938176147112455,0.003532786339922412,0.005423573559475738,0.006084420839058049,0.005040785039805846,0.002782827957077669,0.004149715926410373,0.004354893188110032,0.00433597696420466,0.004246647896141596,0.0038109267561934447,0.004590279344443951,0.004697174022424256,0.00453469732158598,0.004452517308169597,0.004311467945723767,0.003351154253426918,0.00425668426812705,0.0031486125511818704,0.005001910852587556,0.003907326826655605,0.004055905551799646,0.003294734633465412,0.0038685724984332485,0.0042861309179784025,0.0031059672298525674,0.005055722229658067,0.004277229287317045,0.004140129214628451
258_words.csv,0.0030448711452156388,0.0024916067480373907,0.0035615035269587437,0.0023128014376381676,0.003434896742832754,0.0020764785063516625,0.0036860904258622144,0.0030321286431269725,0.003469352367049215,0.025044077792659523,0.0021231971871628,0.0030103426436792445,0.0015856050748007825,0.00290112650962275,0.002552341883661317,0.003464396180507878,0.00257524389570427,0.00335754959849405,0.0033425009536138233,0.002860735596989884,0.003743050942695616,0.0038098786496924245,0.0028075651784359125,0.002994285363713106,0.0036953404053990404,0.0029878496674264903,0.002395284167063517,0.0031106487617801612,0.0021599454996859774,0.002471556917666086,0.0026165489506015027,0.0022607710647942463,0.003180501649196763,0.0027885891839493104,0.0036623834131418913,0.0026588442235230833,0.0020414559332554982,0.0030012346157174017,0.0028623139365857,0.0033506279860842708,0.003846684077484974,0.0026641085139754005,0.0028447173277313053,0.002816247060063447,0.0028260647076706813,0.0024539728785507612,0.0029636043777657725,0.002433664797346073,0.0020781552114134644,0.0036337545560207983,0.0021277400491090804,0.002649179613152222,0.0030303807294539005,0.0030952698129495674,0.0019770100934085625,0.0024060835278792597,0.002805113477719936,0.0024795587460956724,0.002695902535037819,0.0027511338882692973,0.0017858152861637486,0.0038341655698951975,0.0035053652897248937,0.00273058184566259,0.0023385164332236277,0.002602618614251988,0.003508336911481272,0.003365666978109939,0.0030056627376938722,0.0018394609093737616,0.0026315479355836988,0.002765992673049352,0.002604215214652427,0.0024026952676357164,0.0031792212107946364,0.0028665514721804876,0.0029426637181962515,0.003658687385804761,0.0028783238046350486,0.002893391628942074,0.002360195502103519,0.003554647985369646,0.0017077638470214306,0.0032306434397686144,0.0024544748667720702,0.0027646272212744835,0.002118863679332004,0.0028675571159425335,0.003284843940383706,0.0027205470217088234,0.0034709721141044096,0.0035033431792131677,0.0027513754117568954
7_words.csv,0.0022426227130136144,0.0024569263189733325,0.0030420087294733464,0.0013402658536291402,0.0025528617564280725,0.0023396153744459436,0.0022651176808800915,0.0019112471048237092,0.0033852303446339624,0.0021231971871628,0.026903804894217346,0.0028250877137505283,0.0019059030175526688,0.002189890552674365,0.002543847492938796,0.0019870700440708182,0.002080254286493753,0.003273171517660267,0.001903024794070975,0.0021961713951454544,0.002792865871485581,0.0034177836846237715,0.0023301977570162414,0.0025832831377950497,0.0023148599184713323,0.0027986747293613687,0.0018726680439740545,0.0034751788985292525,0.0018535175631608889,0.0020271780035617916,0.0018482523038953534,0.0022462449918730447,0.002788874724384788,0.0021477147942596804,0.0024056729453247622,0.0021202599472936465,0.0018128885599129764,0.001745675221301563,0.002820909288211985,0.0026773312192790236,0.002479554035729645,0.0025661530335497978,0.0023358364177346706,0.0020890735625528492,0.0022782687125321504,0.0023524689678658655,0.002207838964249948,0.0019925607838395865,0.0023882000700528707,0.002950620512310735,0.002250471698691029,0.0020774433253115156,0.0022418674668049665,0.003173435444803005,0.0014718858495542813,0.0017611303627472765,0.003088654208923819,0.002558373954339393,0.0018161268323832554,0.0026224354861048146,0.0023207437887977703,0.0030900634226521694,0.002952580116564632,0.0024111973827223845,0.0022199843239312377,0.002011725992858254,0.0036611878598002113,0.00374942465026716,0.0029124007973030863,0.0018341054743069858,0.0026295025663093737,0.0022179951104917424,0.0025563030735472566,0.0021080083208441123,0.0025391635826791685,0.0024629207769918423,0.00230559965035811,0.002443908937842568,0.002549556210945428,0.0026989230102605812,0.0016925754842010037,0.0025259977647613496,0.0018217684126084976,0.0029410696797104326,0.0017008597503968628,0.002465717289252922,0.001776199671992408,0.0022923503905327033,0.0025322465543900826,0.002465310855349511,0.0031934368147006763,0.0022539368269027266,0.002299288633770757
571_words.csv,0.0030853064581506527,0.004075887199470563,0.003064169145385756,0.002228184818189752,0.0035157539948424154,0.0031455595399901247,0.0032664095614709193,0.0034832798485527226,0.004552045542976681,0.0030103426436792445,0.0028250877137505283,0.026839059838864837,0.0031768239498466493,0.0030881710637295154,0.003890017382617202,0.0029679108420306416,0.0034431046755315194,0.004037311500605751,0.0027852645168898126,0.004213229366404752,0.0033584976014180683,0.004835963196819274,0.003628728139249405,0.0036569725134186883,0.0030981725128607376,0.00371463379831696,0.0028432257108464876,0.003974152156342373,0.0028502643905458417,0.003579525299157395,0.002756083117153426,0.0031782740863273177,0.004052624759907445,0.0033077084932459297,0.003712558866280095,0.0026630965654695555,0.003084775905064361,0.0024103156222853813,0.0033918529171260313,0.0041857131272989845,0.003452127556757,0.003409192387557446,0.0025619382277859174,0.0032644702829857566,0.0035278364962577006,0.0028199723956934897,0.003584582364426353,0.003118536060427071,0.003357092713054097,0.0036527263950117943,0.003064737659569793,0.003575618870131014,0.002886805575940787,0.0040002899536477786,0.0024334771636162025,0.003274746322693134,0.0037232374403502566,0.003115236280706735,0.002831179914086035,0.00390762845553957,0.0028636799561332594,0.003570012327042532,0.003792695131191909,0.0034162545935903597,0.0026840129607223926,0.0032688083940105852,0.005086905265267457,0.0048550233567697075,0.003754548812999586,0.0026755802691271315,0.003093848488951333,0.0035273192363179545,0.003716018213852728,0.0032885734199329967,0.0033276984753374417,0.0035630659519957,0.0032735163912300073,0.0032803923328732954,0.0037621622160634314,0.004363378622369411,0.0024032802248615836,0.0032167582646642303,0.002601887918546826,0.004565431692908017,0.002711378954653744,0.0034126312871954065,0.0025285846163936834,0.0034837992411011283,0.003364820727281856,0.002831809200529018,0.003930679704745699,0.0035529396557944294,0.0033418754571842408
18_words.csv,0.001832123893663568,0.0023033572658571,0.002309132591771915,0.0011726147908295728,0.002413213523822635,0.0024433509253670676,0.0017796641860323267,0.0016928830710613782,0.0024713694312521583,0.0015856050748007825,0.0019059030175526688,0.0031768239498466493,0.0279278953236625,0.0019364312353693214,0.0022461427946041447,0.001863981261140706,0.001959975419450395,0.002649975997680235,0.0015135760207683183,0.0020303064719958868,0.00222278781784573,0.0027539854793141435,0.0016614335563857367,0.0021993865856455392,0.0017172152581200755,0.002515289222882514,0.0017429477267886973,0.0027534878681172285,0.0022686240070200216,0.0020352109941526187,0.001916712320595273,0.001954674092127588,0.0023624225061601397,0.0017042318971781758,0.0018652889734036414,0.0015803427408616784,0.00205274755304175,0.0015210823156981924,0.0025421619244318417,0.0023546785973068965,0.0019527674968350423,0.0017030916545288687,0.0018818297566926454,0.001679977012996097,0.0019652086318086115,0.0017545986952422498,0.0021121560876616024,0.0018574959182122077,0.0024498628266638655,0.002014720484157918,0.002119337909389366,0.0016104602193966926,0.002035556306877872,0.0025768976935184686,0.001525004842684847,0.0018016964894794181,0.0026499067256360843,0.0019613697704694956,0.0012379596092479434,0.002179339610912178,0.0018607702223860652,0.0025321913635751444,0.0021190387351121983,0.0021365798507898184,0.0017602398806463282,0.001817064637970146,0.002982662295662722,0.0033498062611889874,0.002362313692680469,0.0018961871096398644,0.0022285168283138726,0.0019009813157532518,0.0021938977674952286,0.0018364241934903031,0.0020495122613162203,0.002456453876671903,0.0019091517870932788,0.0017801792570745919,0.001893980179404526,0.002621545644740348,0.001264000082910271,0.0022118713834695138,0.0016206468761238311,0.00247384720331285,0.0012709047065737977,0.002008749376457512,0.0013590059962178714,0.002152925320730825,0.002487543618227087,0.0020922641699545287,0.002369799279869244,0.0022960564321097155,0.0016392338395822268
279_words.csv,0.003878922333131177,0.002804340498233242,0.00330406006924101,0.0027524304084627334,0.0035978549739967254,0.0025291127416960366,0.003011460871711767,0.0029529798528662426,0.0037340873572720076,0.00290112650962275,0.002189890552674365,0.0030881710637295154,0.0019364312353693214,0.02787504766488884,0.002342988113783207,0.0030142590580030026,0.003347477463469184,0.0037857668533549343,0.003093947753883107,0.0027816594503174345,0.0040209050717445495,0.004005663806766799,0.0024831301447024094,0.0033632958787334247,0.0034219102560706072,0.0036011400393277256,0.0033550644109763147,0.003929928480650977,0.0029971358471293425,0.0033128766879882325,0.0029632396055768845,0.0025514891059853564,0.0036593825483060773,0.0033305171517183374,0.0038081476582993512,0.00330714310123614,0.002327269276310599,0.0031422148402652154,0.0032427649241185477,0.0034233671980610923,0.0043730546168098145,0.0028087696858172155,0.0027667641284752744,0.0027926387273762266,0.003725791910930365,0.0029056639130045653,0.0034076562774100682,0.0026971438096894253,0.002353412752196179,0.0035377945419839585,0.0029585519316713605,0.0031256244595702335,0.0026591738375519995,0.004013714812095195,0.0024294236898601946,0.003054158943042246,0.0036324641173067326,0.003971964986833959,0.003236623847944733,0.002535999398581534,0.0025141168655048343,0.0034088744161261263,0.004590049892084783,0.003847343863017163,0.0023137704403394478,0.0032379059051016673,0.003170649944064221,0.0040900073643500715,0.003987699723020734,0.0027428196221668147,0.002765020325587745,0.0027482841821168838,0.002590949526137539,0.003618030057555849,0.0038351676180883626,0.004395318424668078,0.003945449323442752,0.0034757879869317253,0.0031046459611487553,0.0029666576023812796,0.0026829734593966366,0.003908142746065263,0.002705260894949198,0.0032308179415023687,0.0032952020973087827,0.0027988335687892385,0.002587627774459218,0.0038868961739161245,0.0032186673299375965,0.0026357713549582293,0.003745700519274398,0.004165112942219032,0.0027432045684973577
565_words.csv,0.0024881693693140617,0.003616552050529951,0.0025498115700510896,0.0016316907864099728,0.002965712776887621,0.002584116856702929,0.002785521863254648,0.0025397403124027794,0.00392099028656181,0.002552341883661317,0.002543847492938796,0.003890017382617202,0.0022461427946041447,0.002342988113783207,0.02638736826203779,0.002291001534969779,0.0028436313225818255,0.0035288864672522653,0.002260588626254978,0.0035031162817693406,0.0031243010520537336,0.004010681255112944,0.0034972607231611857,0.003528857887537645,0.0025451628977714415,0.0030780251195127828,0.0022052664484468573,0.003498289576336242,0.002332425181393041,0.0031865164039042247,0.0021049423256221476,0.0028207622443131553,0.0034629131448703273,0.0025590057313283256,0.0029437299141614557,0.002014655821555345,0.003042970138728625,0.0020596077003010916,0.0032151130934050514,0.00326873509762701,0.0031737850450397815,0.003155339126223046,0.0024293668974923427,0.002543600182228651,0.002613723741551754,0.0026063368219279995,0.0026728524367158977,0.002712634447700495,0.0031695070536285584,0.002968611654039176,0.0022611453180640868,0.0030628000677812503,0.002390208531236331,0.004010880699575428,0.0018206821527112136,0.002661895541124024,0.00311639943875445,0.0025574790355784665,0.002128023302885488,0.003998094133484743,0.002415199192698325,0.003381623547014397,0.00320320248618956,0.002899615878302044,0.0026165002556735525,0.002633579003375244,0.0045230082981492165,0.0040607404341236825,0.0030117159310088454,0.002068213373390739,0.002358878478650177,0.002855895191625085,0.0035211909523199967,0.0027040379309753804,0.0028237382015433546,0.0028972347546574163,0.002792629014534084,0.002710481610080221,0.003453803777694204,0.0031604996382335365,0.0020674401815208424,0.0030814005265571358,0.002138756050963247,0.00433005151808604,0.0019690813302067366,0.002857296652430198,0.002127975129952308,0.002930212324553165,0.003394938664752939,0.0026152211553941563,0.003509169670946222,0.003162056305720461,0.0027719256018648364
255_words.csv,0.003617711950741913,0.0027105970339328525,0.0029637089427679494,0.002521791521034735,0.004297098761092924,0.0022338191258091636,0.0035236077715658006,0.0028089375099016275,0.003402854134062475,0.003464396180507878,0.0019870700440708182,0.0029679108420306416,0.001863981261140706,0.0030142590580030026,0.002291001534969779,0.026002071926872792,0.00222619345704869,0.003419494789877541,0.003267179978458015,0.002812507390790865,0.003424507286573405,0.00408099797411926,0.0027419300526755545,0.0030894640054017065,0.0031351658616746354,0.0030630328812125294,0.003803312494277864,0.0032310955838380025,0.00295404030729557,0.002415150501259564,0.0031887142775226633,0.0025678336853725897,0.0030740323094117575,0.0025871666288205066,0.003196428286247392,0.0029400668154297063,0.0021688877263650558,0.0035146865132637856,0.002880594054617493,0.003510604734244205,0.0032032023725511063,0.002708772631414101,0.002996057868539255,0.002346431811914803,0.0031062140931232417,0.0024768614168138516,0.0034042594376379573,0.0025305149824073115,0.0022054266870668764,0.0034372053955464272,0.002949439011532326,0.002538453448760253,0.0030213477185006767,0.0031377370642268958,0.0026754353057076383,0.0026226481288656777,0.003242293499494017,0.0026806816762651267,0.003059244749023261,0.0022777968313845917,0.002034295644551335,0.0038609944018123477,0.004247251160662271,0.0030231082550614594,0.00213844203195318,0.0022118641032119624,0.0033268011897164638,0.003243958528918184,0.003599521287700112,0.002595500774922746,0.0030780804164132467,0.002595173265781129,0.0024409096615279503,0.0030674356371694117,0.0032770651067693395,0.003475478955160975,0.003041186377200285,0.0036657771929645504,0.002519437101714228,0.002863993655318573,0.0022809750221502623,0.0037459350226654283,0.0018025059817808175,0.003382058084812955,0.0029339774538571575,0.0028597347725298644,0.0019468310780418488,0.0029537155149632907,0.003761477793675878,0.0023042082067834093,0.003475341515159636,0.004592911546951072,0.0022048551605270378
580_words.csv,0.0031045970953689824,0.0031145506637183366,0.003173887041468641,0.0025258910966794216,0.0033657333153838845,0.0021913892888673872,0.003089923456109674,0.0039534895853478,0.0039044093976976792,0.00257524389570427,0.002080254286493753,0.0034431046755315194,0.001959975419450395,0.003347477463469184,0.0028436313225818255,0.00222619345704869,0.027170800581501054,0.00420396504162635,0.0027546831283286246,0.002827365964059783,0.0038563065253823764,0.005047068111597473,0.003482051018059155,0.0034408601259393484,0.003232325564992013,0.0031249465972250294,0.002401454354677205,0.004028347761842741,0.002416262005895539,0.004239939344755989,0.0030643095395688257,0.0028622412061660423,0.00397287215275239,0.003611222711319416,0.0036858527203189745,0.002826315493502652,0.002513443113426813,0.002601644493727895,0.004287904782716096,0.0030330277448880837,0.0039814182681088385,0.0029511079828460404,0.0021846906903985152,0.0034939055493003967,0.003494830556954679,0.0028580391711398485,0.002970250960061237,0.0025335614790665665,0.0024381330612482217,0.003709635545835649,0.002391371042180221,0.0037856795847937114,0.0026230472779370847,0.003961614219765215,0.0019477319193995969,0.003869524330177006,0.003541650313118031,0.0029406273608316726,0.0025470282009494964,0.0029919095716670753,0.0021476528949787416,0.0033441827382061314,0.003989335796463513,0.003149833300555378,0.0022691796659217345,0.004121109565528205,0.003792472685869534,0.004153120796758177,0.003999953634754896,0.002177507926738147,0.002716305776365998,0.0031243159213073923,0.0032332364057278554,0.0026632008228498244,0.0037053147176801704,0.003446197427321549,0.003530113848792488,0.002812104745332986,0.00442450399576477,0.0033900443654838346,0.002680479643745355,0.003987047260062985,0.00241836383955906,0.00371516153792178,0.002724860137755909,0.003418523392200302,0.0025405883080099937,0.003580129197476294,0.0030351029424373283,0.002501914169881809,0.0048254774962906795,0.003306137924393805,0.0034187780845523425
20_words.csv,0.004358325860000952,0.0035050509144128354,0.003979403623992894,0.003041638536884644,0.003842996050376232,0.002870607371957811,0.0033066724077768323,0.004114898572089615,0.006244135231114833,0.00335754959849405,0.003273171517660267,0.004037311500605751,0.002649975997680235,0.0037857668533549343,0.0035288864672522653,0.003419494789877541,0.00420396504162635,0.029743464688109896,0.0038639874859033143,0.003476219585834525,0.0042313459869018,0.005037189712435106,0.004067832444503575,0.003522727465119212,0.0038669998960612403,0.004338392878027911,0.003918690268379527,0.005559934466566503,0.0037156721207159686,0.0037900078893732484,0.0039622821411443325,0.0033509807272780853,0.004788714391053951,0.004131740903402898,0.004199395052814206,0.003826925729233378,0.0031748059233713895,0.0030903417685491977,0.004653287747074456,0.004272817881348851,0.004322750441388667,0.00441199931768455,0.003525971062417704,0.0033121151552199728,0.005162597385365989,0.003073254681912533,0.004389601007055577,0.003034708679604581,0.0037591855274033137,0.005043727958654067,0.0038921765228307143,0.00378520051705684,0.004076139844764334,0.005674310741055671,0.0028554881473888713,0.003742554509885211,0.0041506538151595785,0.003697039461180095,0.003607167925863832,0.003867204518794814,0.003421145047899,0.0042650030119008005,0.004660500221853485,0.0037862895745500815,0.0029652135340433533,0.0033401085238737084,0.004974952696402766,0.006149357209378067,0.005174553686403889,0.002897213512522554,0.004458511098398032,0.0037046472632954897,0.003912189873328256,0.004074835706905259,0.0040759757073023754,0.0046903157716130335,0.004936787387310514,0.004201956044197691,0.004205980395314168,0.003820389568949042,0.003270062033385876,0.004330521834650232,0.003706901286629692,0.004349194002935819,0.004021171499764671,0.0040575187746269385,0.003027461997257747,0.004441477525877108,0.004097104002847351,0.003069154828994621,0.005321311736184761,0.004003632698439334,0.00337801841977599
260_words.csv,0.0043416082794791025,0.002316783433619558,0.0035690311897732187,0.0032900395607874267,0.0036205751465955456,0.001789666176768321,0.003296484322335103,0.003111428485093774,0.0035689216631041966,0.0033425009536138233,0.001903024794070975,0.0027852645168898126,0.0015135760207683183,0.003093947753883107,0.002260588626254978,0.003267179978458015,0.0027546831283286246,0.0038639874859033143,0.026989326948759974,0.0026919944115160704,0.00337698087591471,0.003852521347492218,0.0033751478980025692,0.0031892475422223127,0.003525486189792764,0.003056492664644595,0.0032583301567584593,0.003943711458439735,0.002953996137261682,0.0024788707598779537,0.00339805078743487,0.00240659398502769,0.003341646349870602,0.00315718115798212,0.0037499126984119296,0.0035735734180436856,0.0017603607929925198,0.0031327749316801376,0.002715263269031787,0.0030853377116364074,0.003864180184659619,0.0035048891223247655,0.0026344628870997424,0.00245443212978233,0.0038447961247624896,0.0024182319278652593,0.0036213256451198155,0.002108923754776076,0.0019170669998060364,0.003984620878089353,0.002374154440626025,0.002912714549835879,0.0033896892981708686,0.0034995888300586144,0.001995248438817077,0.002398696781289939,0.003286120751159398,0.003152675645894905,0.004055409699890227,0.0028331363927267287,0.001780759957064854,0.0035896243741493266,0.0042142639999583845,0.002700285344582276,0.00217557361085442,0.0026416726348351413,0.0035760011675423685,0.00343744181583494,0.004496458229972659,0.0018556111129047126,0.0029501113525145046,0.002519613953448804,0.00244854101865628,0.0030949737772510946,0.0032980567904800444,0.0036362681327602618,0.0036168172112153174,0.0032734375585839765,0.0029180904775585213,0.002834289594322454,0.00293290720675093,0.004785434972212865,0.0017221584062051935,0.003472672693278145,0.003400263294749984,0.0030767923224864872,0.0024196620882138884,0.0028437992425670282,0.0034203211834839386,0.001998381362808963,0.0036944587632887554,0.0034472655147594422,0.002763127655476326
