Nothing,577_words.csv,563_words.csv,1_words.csv,266_words.csv,272_words.csv,13_words.csv,253_words.csv,586_words.csv,26_words.csv,258_words.csv,7_words.csv,571_words.csv,18_words.csv,279_words.csv,565_words.csv,255_words.csv,580_words.csv,20_words.csv,260_words.csv,568_words.csv,274_words.csv,15_words.csv,562_words.csv,576_words.csv,273_words.csv,12_words.csv,267_words.csv,27_words.csv,252_words.csv,587_words.csv,6_words.csv,259_words.csv,19_words.csv,278_words.csv,564_words.csv,570_words.csv,21_words.csv,254_words.csv,581_words.csv,569_words.csv,275_words.csv,14_words.csv,261_words.csv,589_words.csv,29_words.csv,3_words.csv,575_words.csv,269_words.csv,561_words.csv,30_words.csv,251_words.csv,584_words.csv,559_words.csv,24_words.csv,264_words.csv,578_words.csv,11_words.csv,270_words.csv,573_words.csv,567_words.csv,5_words.csv,262_words.csv,17_words.csv,276_words.csv,257_words.csv,582_words.csv,8_words.csv,22_words.csv,28_words.csv,249_words.csv,2_words.csv,588_words.csv,560_words.csv,574_words.csv,268_words.csv,25_words.csv,31_words.csv,250_words.csv,585_words.csv,10_words.csv,271_words.csv,265_words.csv,579_words.csv,566_words.csv,572_words.csv,4_words.csv,16_words.csv,277_words.csv,263_words.csv,9_words.csv,23_words.csv,256_words.csv,583_words.csv
577_words.csv,1.0,0.2374845804071143,0.23174840137986913,0.24291691723585437,0.23713340521686202,0.20050731749087308,0.19470104117935713,0.23537135896586253,0.191663788930206,0.17375165716491348,0.1951453775259533,0.3193560657347046,0.1892034378926603,0.17132219254911732,0.24787195295281486,0.18674632046481598,0.1947353618689715,0.2126012748429517,0.20601757768388793,0.21040488496988397,0.20820847589920696,0.19347141704666299,0.28861629968578556,0.19283308174377883,0.18655729387323253,0.20387192309094254,0.2616321248307576,0.17480963245574138,0.27873785773131116,0.19455597972397234,0.18708586850359119,0.27795997243439574,0.24387780840279927,0.21403409571796075,0.32992161181841717,0.21480304924562926,0.1506906785278772,0.19015377110433804,0.20446862816819375,0.2691078913419155,0.15813025068553893,0.17911820419480756,0.1738413730461645,0.22410457908299425,0.18127854385238626,0.19516057224523709,0.3006113928406368,0.2638063923446096,0.2512574933168525,0.24015678942755456,0.21688974497770117,0.2263692077037902,0.24702970266209168,0.1950870287978009,0.20667655104224017,0.18475384404422465,0.1783820764470862,0.16264465520407137,0.22884621533556607,0.2894698971168586,0.16490259723193265,0.23410403756597978,0.13641250408372074,0.18818935976773216,0.19144914635324722,0.25265957347187,0.24437292192410195,0.20623913095774382,0.22040075218098715,0.22205481610592373,0.19945282454480331,0.20007814624670572,0.2626642488779994,0.3652035837730795,0.13508697614086362,0.23854069211948006,0.18172341628243582,0.22683122938227773,0.2187713198717472,0.2026095375389125,0.258952127718606,0.17908943767813212,0.19319561378078523,0.2873524445234169,0.31120635350948705,0.1874004123784628,0.21861544680650585,0.14363180318395527,0.1548117887941699,0.1974556214889206,0.21776163221765693,0.22913227924678733,0.23437606165407343
563_words.csv,0.2374845804071143,1.0,0.23421610003591903,0.18692908728221186,0.20461812162167287,0.24945482948595127,0.2305113482014042,0.200152239733133,0.22056840369920372,0.1836320127846703,0.21002069285249347,0.30882476939316506,0.20711991981712238,0.16471226412270956,0.23868994043179884,0.2077310113691542,0.21426116241038248,0.23866881111888547,0.161183127343978,0.2979028523868685,0.17811892877989877,0.14678432563230137,0.3113744711901473,0.16329129429707256,0.1400849417824037,0.2194607030276038,0.18704598992783567,0.19793954862632193,0.22126314022477056,0.17119537877443103,0.2195923152294508,0.24643899756214344,0.17587789532859263,0.22089438319627833,0.24629939427022673,0.20714331760395543,0.1753276863244267,0.19778073353657163,0.21012302413080158,0.2802898460475374,0.1531464587048111,0.17712705984498864,0.2000012255635311,0.23518147480585072,0.20152846216128967,0.21852225019725074,0.2230531411382769,0.24089135574697215,0.26465560579696795,0.20437934245530298,0.20650431775360933,0.22338871290878104,0.218294784963591,0.24945233520861218,0.2051666531092696,0.21100442731726354,0.20358399036922603,0.1404544379188868,0.27411848261350436,0.28996669842395745,0.26299615003386945,0.23588799024090898,0.13600794784411252,0.15580647415616183,0.2028068098015257,0.21231007743213326,0.2354929151237476,0.2099359379901538,0.18878691176407578,0.2536925803502489,0.1906768669667941,0.17731850141064825,0.2763059902693771,0.29142047823099926,0.15402437602706515,0.22047060044830824,0.19227249516146167,0.2136556888678259,0.16230106989294515,0.2806419279763559,0.18936030486103536,0.1700027745849037,0.21941063294101745,0.3215843432343099,0.20930821408966213,0.18916007744994986,0.18986291546517542,0.15853037257212485,0.15503073749718274,0.20556695149261778,0.2389352879574104,0.21052605311816036,0.18938540487079908
1_words.csv,0.23174840137986913,0.23421610003591903,1.0,0.18855103917531302,0.3024510609676072,0.2262338819794909,0.23356834055203068,0.19892477056018304,0.25460045543221665,0.22383620760062536,0.18940404720610163,0.21604524973251585,0.20704935913782474,0.22520065935132458,0.17494118790598032,0.22612575409370192,0.19510276557040604,0.23463549739478454,0.17763708300764747,0.2563671613922324,0.2076246873010272,0.20597962348416327,0.21039862951342145,0.17899633588511174,0.17506492838565202,0.26352116111686086,0.17014224929051508,0.21181065705676985,0.24185933552473543,0.21674964342885497,0.2408255371020455,0.3003649936645055,0.21555533226083712,0.2236950921922498,0.2319331986056867,0.1780558720385669,0.17517848816188156,0.22922781317001314,0.21952513270177873,0.1832533588313559,0.14903138124611506,0.18433099226940586,0.20475503425500002,0.19674191621271028,0.1652965155691523,0.22695751355644117,0.2235706539418763,0.23596036340408819,0.2299836302449345,0.23443504892328632,0.21927373484667703,0.2155090198310863,0.3191056415936767,0.2651848755723196,0.21235719475941775,0.21002909683277515,0.2691434881589802,0.1585132174013764,0.18793525342735948,0.21845635151785442,0.19684356656810922,0.22528605615504696,0.15540536220294546,0.1650705545375884,0.20830091264589215,0.20557561462430773,0.21438055725368513,0.26480224931458335,0.24053302936303056,0.24064084340275158,0.3203648731291228,0.1830288082698478,0.25032455016132826,0.2594372960480324,0.14061583120023172,0.2745473244399535,0.18422290961793833,0.2032365314157956,0.214958409968533,0.22246038405114912,0.24788407003752133,0.1745098546261423,0.19787102726560246,0.2241504294660736,0.1734892008103913,0.31398898828448457,0.21627399952380025,0.1566547032091011,0.1708904424397925,0.22445801508745847,0.2479353802549094,0.21397218309287344,0.21605478188138913
266_words.csv,0.24291691723585437,0.18692908728221186,0.18855103917531302,1.0,0.22774894720621547,0.166856487180309,0.1964565876863806,0.21784993453419688,0.19020156562032706,0.188882885781658,0.14354664606079515,0.2118518983792437,0.15272704787272356,0.17913072270147049,0.1877738671367032,0.21344911593430155,0.16622724381968695,0.18372294229605723,0.29336762192341825,0.19656249513128132,0.1627102716560649,0.15435841488213475,0.24010870808824197,0.1639700044608613,0.15867849271998463,0.1970355297168706,0.2515639246767724,0.15283578922288255,0.27848130326331294,0.16879618041395242,0.1902714246434392,0.22856734213455912,0.1581247880317279,0.16635362267660786,0.2375457744419996,0.21715090560042719,0.13604678088508518,0.23504215751244403,0.17589107735526652,0.1935775059414026,0.13953340540251946,0.17179774620422106,0.18414908699765056,0.18512641512094652,0.18038546512415032,0.17364438481369876,0.20796221046216196,0.18982068173779723,0.18996028561190084,0.18741404601330183,0.20897527637236296,0.1809681018797021,0.2317553392678733,0.1631097073637715,0.19709110799683777,0.16224963111093127,0.16963053697870464,0.1604604367365616,0.22193885616803646,0.1813397365689679,0.13361699552517048,0.24537442330591214,0.12603176102171137,0.1584378220421699,0.1497169744622961,0.19679564974313984,0.2064162025128249,0.17387934949872558,0.18147590904232003,0.18567593206560568,0.17613238752441526,0.18163663102405067,0.22929379273794553,0.2276009714169445,0.14638445471281072,0.16497740707724218,0.18046198227230514,0.2515406838402257,0.16392352009953678,0.15986393083010605,0.20679474275108314,0.2065521582798633,0.16441991338076342,0.23680383157442844,0.2525715702877042,0.1911665519361096,0.17042282220860552,0.13632379792990673,0.1893437765598385,0.1706662893713355,0.1862787640322667,0.27938189521209145,0.17554961722140439
272_words.csv,0.23713340521686202,0.20461812162167287,0.3024510609676072,0.22774894720621547,1.0,0.20984036069019285,0.20065460379176783,0.18041597588235891,0.23875702878285732,0.185684392255846,0.16027865602207803,0.22662363115336667,0.2098266829508673,0.20704438572103961,0.17363637431098303,0.22438903614158381,0.17089909305351714,0.20418974053615013,0.20237871193892348,0.23624759521395064,0.17483632998684603,0.17484549209866243,0.22493231208750508,0.1778303364718158,0.15225193122235198,0.22394104225655082,0.20239758424295332,0.16885937734102852,0.24957807994168685,0.19876088943913486,0.2558059100869105,0.3752223567093685,0.21925624931743498,0.18268074677204965,0.23954282333990387,0.18671355422743233,0.1714648167383475,0.24488957331534833,0.17762749107953596,0.18088346960800755,0.13403300130516907,0.175144615033795,0.1867977288346509,0.19049211806444608,0.15640438696414571,0.2153767461976725,0.24948467187743514,0.22174284924242135,0.21160899842523223,0.20467166443155588,0.24173998129805915,0.1762259292173981,0.3395161613008648,0.19910877530007431,0.23182843503733117,0.20001506104709604,0.27499346625457505,0.18416766487495706,0.1906809859451735,0.20558974004518676,0.1568544518365747,0.22300952276432648,0.1628406114689423,0.16371487300487766,0.16327716466436845,0.20005212257555777,0.2376956757199678,0.20402279627452388,0.2718342565588953,0.23102851252894488,0.2324119133844476,0.17847785389090015,0.2384902963242934,0.23374884260681014,0.1285384985709618,0.2255421048674628,0.174119217587342,0.22429999812092777,0.1896472977541136,0.2007218902982774,0.23496165266129834,0.18403740487554213,0.18463540466009495,0.25965964218450216,0.19667823520176989,0.3311795995149233,0.1947850957747983,0.13542510946164882,0.1731849965900952,0.19299304087848718,0.19025077730492632,0.2325196337616006,0.18509436951542346
13_words.csv,0.20050731749087308,0.24945482948595127,0.2262338819794909,0.166856487180309,0.20984036069019285,1.0,0.21596071115015952,0.18138109514047296,0.21864041026525896,0.17050295848208488,0.2451017565619026,0.24891373818057783,0.27516685619466674,0.1876365664431476,0.24006092497728448,0.2194359018223942,0.17618915112930172,0.20567594790719362,0.17896425195225674,0.2884753684999332,0.1765443035053392,0.15851431560244936,0.2308254799484728,0.19854546216208596,0.151604318559406,0.25916479776016943,0.17141684992951328,0.19492287303978456,0.20604598887185271,0.18302625735956146,0.1730280543435051,0.2340073798953313,0.1645638074428054,0.17876824767817678,0.19229461093938366,0.17457501205529413,0.17332930654926454,0.1885802518792952,0.17458546708944103,0.20686729394333864,0.1430999581179492,0.24402349670832865,0.23226750561877643,0.19683205461014291,0.19289185809308215,0.19424848619636248,0.21101218717181103,0.24333137919635583,0.3967543747615238,0.2252091702006127,0.28537818611515897,0.17946179229765535,0.2339715199659187,0.24829478581247377,0.1682936280893905,0.17967209999234415,0.2549902281113941,0.18889733431716044,0.21703984734072176,0.22797324724435936,0.2355863593962544,0.1913033018355476,0.1427295365504922,0.14773993060532764,0.19268584722248866,0.19089984044578015,0.2524632069897031,0.18924558463183497,0.2195858839517309,0.265502592611504,0.19044238340171143,0.18967336957359623,0.3048919230545998,0.24081449238996133,0.14404998075241868,0.1754107291228059,0.21776027923898383,0.20702651983502074,0.1605426010106932,0.3632268912763515,0.19512364445776167,0.159552587196923,0.24251164193980482,0.24720607869420663,0.17202169866527509,0.21397519907026455,0.23286838150463224,0.1278110959054331,0.14566578169410777,0.20385978456108192,0.1988718735034496,0.16075213327291643,0.17607970889039104
253_words.csv,0.19470104117935713,0.2305113482014042,0.23356834055203068,0.1964565876863806,0.20065460379176783,0.21596071115015952,1.0,0.20100268005844452,0.1939994287813667,0.2308793664585391,0.20628769171388142,0.21117771674469832,0.19298091859145614,0.19676396500682103,0.19108976237212308,0.33419205203152574,0.18251992064101868,0.218827769885301,0.1940181860602943,0.2833487912444572,0.21021385573830917,0.15207740026815597,0.20259249977738952,0.17651000570749417,0.17486360605508722,0.2322860918120316,0.18120609947462282,0.16147843968604356,0.26280296380212914,0.1566733933396995,0.18576701111036767,0.24600505972014577,0.15422801504663147,0.1926165838778108,0.19023327429732453,0.15279919155596633,0.1618852207834817,0.3094851230210727,0.21086043937255028,0.2028807625731505,0.19042982779111853,0.17899035361305843,0.28073387966942204,0.18511374332085953,0.16385057194635327,0.20919295037724542,0.19887005034090763,0.23818577497765916,0.24100831608474851,0.2008950531966473,0.23690812970314137,0.2187550936831898,0.22295872046527654,0.20401988953733455,0.2125894704844323,0.19265164827791476,0.22342254876009363,0.14426204748654334,0.1854653336097469,0.21098367519400082,0.20175947134414313,0.2957414089871268,0.14114014424686466,0.16295625846727416,0.21773488812348304,0.1902450591336699,0.20498983175710045,0.18076754505599885,0.1595852359498378,0.2965291609140823,0.1844628073485572,0.19249643018431303,0.261652347285357,0.19996737921212843,0.1763008343971628,0.16539296561400554,0.18164144519691988,0.20456631136490228,0.16615673168879894,0.20440497622674048,0.21905356291160327,0.18996924629757883,0.20227017544761577,0.2087932253646892,0.16559779129922103,0.21319937070203673,0.19622480589264693,0.15112807580070217,0.19521192717183328,0.20498864145609355,0.19568242063056188,0.2066378769263635,0.16470658171310998
586_words.csv,0.23537135896586253,0.200152239733133,0.19892477056018304,0.21784993453419688,0.18041597588235891,0.18138109514047296,0.20100268005844452,1.0,0.18971241117074064,0.17916710855380585,0.16486766564754213,0.2033426483947799,0.17851396902411043,0.17916529492731328,0.20661837623088067,0.18211121669176925,0.24507342092483989,0.21582949278382163,0.20154018063058296,0.2110006672593223,0.2075958820763984,0.2091533663154474,0.22303682148629875,0.17548935956967274,0.18285812979004534,0.2563047533771588,0.19171037687257142,0.17858535540501697,0.23258479100525972,0.2038932839994502,0.18143493503179325,0.20103375151949848,0.15594769038747378,0.1871967245618553,0.18869508420236422,0.21766170475279395,0.14784815612167265,0.19092029385544002,0.33548659574785394,0.20543263988343954,0.1645999450731075,0.19064903403482167,0.2055463785505735,0.25852243106443384,0.2033419448623042,0.20987153169008504,0.20650472223024888,0.2238024109884523,0.22030830621977696,0.20887878517374517,0.20036446606161298,0.32395734933499964,0.21965382202595002,0.19293660499314488,0.18829222452949038,0.2002091545380762,0.17536688329635317,0.1423808067477349,0.22765546532914013,0.1868648377141393,0.14676611381943294,0.218983865496487,0.12287616586085058,0.15892992985297724,0.17228551686560117,0.2991208847104543,0.21519451799865352,0.20625980388883777,0.18473244797459096,0.2025953355961537,0.179111425325697,0.3034290766418084,0.2530800147733324,0.2375085884776971,0.17757018437783026,0.1745783402343782,0.20543775408608486,0.2069756838032384,0.23851525480863325,0.18096646086735804,0.17950415797338645,0.18917190719262122,0.21014408983852648,0.2126751284330333,0.22504603204780854,0.18257958284131626,0.2101177483637544,0.12653952974359584,0.18204619922944587,0.23507707943301992,0.22708290288176303,0.18659734345488538,0.28748728199288137
26_words.csv,0.191663788930206,0.22056840369920372,0.25460045543221665,0.19020156562032706,0.23875702878285732,0.21864041026525896,0.1939994287813667,0.18971241117074064,1.0,0.1754885048446239,0.15527882020824557,0.20833050297086567,0.17636536433115116,0.22113480469218727,0.1736869876856801,0.21861932979627788,0.19777297469223146,0.2985226272115807,0.18362591751313204,0.2778529111719513,0.17466673290374757,0.1701505227141609,0.23307667246599018,0.16887071135908163,0.13730870635734965,0.24712742641923552,0.15868308580122825,0.2661977024177384,0.19065732710316105,0.17207486670734115,0.20889734197440332,0.22345296015701843,0.17790021922866886,0.19282498304326423,0.19389131269095666,0.21072735248254887,0.15852856139793886,0.21861511175210444,0.19035988716782962,0.18944790765738737,0.1448681013649763,0.2406856584373598,0.1902145531349104,0.19161902775608883,0.2027971502870008,0.1912076993359157,0.2114482283075143,0.18162738352099778,0.19932110213445317,0.22367420911646207,0.21649802552849645,0.19337003048358273,0.2343396059461091,0.3407844326264601,0.18086364670168323,0.19832208574749646,0.2602542178552333,0.1593328580805719,0.24687707609660722,0.17752479978193905,0.17347149256918387,0.19989527974312413,0.18121232935016243,0.16770957376993012,0.1520529913822091,0.1883466138514403,0.26483319671797984,0.2971496442604989,0.25369728472120784,0.1855971691116158,0.1988751265907651,0.17854327706010958,0.2782133245914666,0.22376666363712194,0.15132787330495923,0.20451251479442428,0.27280884123251636,0.18760090489461315,0.17009400540220065,0.2051114651881505,0.17798370455691928,0.18022077092317199,0.16965578497433903,0.23820244108811908,0.17929590387184105,0.2507534988044243,0.17545014961436584,0.1388553405703821,0.17316204842940436,0.19505664469601608,0.25858285871769476,0.20084030713585696,0.17842636319286992
258_words.csv,0.17375165716491348,0.1836320127846703,0.22383620760062536,0.188882885781658,0.185684392255846,0.17050295848208488,0.2308793664585391,0.17916710855380585,0.1754885048446239,1.0,0.16121240908721585,0.171976613884902,0.1496147201720849,0.189723582904756,0.16441856645212283,0.25003154250062326,0.16988846161541407,0.16040858608596875,0.1768395209256666,0.2055411895290205,0.16089201628813168,0.15116747963235275,0.1765480956199712,0.17048118809179813,0.17479986461033742,0.18860769624148493,0.14054671121412166,0.17578993249145755,0.2602788561075039,0.17439936530957348,0.1715937186766517,0.2036262643208814,0.13955228590729515,0.17860054835508749,0.2004001641987528,0.16508949532301326,0.14851884008132596,0.22906291136452386,0.1766533804903879,0.15626335938924124,0.13542307786428232,0.15730945625845968,0.21968477839130723,0.15585190063615906,0.1491314993068021,0.16043387357166047,0.16563902160770624,0.16550329912047604,0.18457881481615784,0.1875002197793465,0.18808289001306752,0.18126781160413988,0.22335042267425875,0.1811896581852851,0.15269991716182713,0.15416690565632188,0.16949739873923883,0.12715102709763088,0.16392498888946427,0.17838029190245228,0.16718008207509863,0.24394612936003876,0.11662630904429619,0.12190027518294412,0.22716185127390692,0.16998006443621114,0.15702409251535077,0.18512968851582265,0.15758374525787774,0.19185565179469663,0.20758907508991367,0.15590962379714088,0.19739711888594344,0.18980425652083013,0.1321556284600853,0.17270391465203372,0.16607244742546445,0.19531048982542262,0.157651587471765,0.17214180820286812,0.1997114758074952,0.20838708713293905,0.16101666090194458,0.1651217234642546,0.14502924839951573,0.19531990165886245,0.15727051634707004,0.1446086041448808,0.21115015343562615,0.1672161529308465,0.21285238950042315,0.21551571515303217,0.1766967547759783
7_words.csv,0.1951453775259533,0.21002069285249347,0.18940404720610163,0.14354664606079515,0.16027865602207803,0.2451017565619026,0.20628769171388142,0.16486766564754213,0.15527882020824557,0.16121240908721585,1.0,0.2139595311175301,0.20149372047587993,0.1419090578585934,0.22669188684114933,0.17888195350679356,0.15190941448535042,0.1679735146881731,0.15596074067927818,0.20397096023377387,0.17366044117218088,0.1567645781688545,0.18925898008811987,0.17971177220023563,0.17168863329012293,0.1807329134337842,0.1558931048340699,0.1611623007179525,0.1896848011741437,0.14455614647719472,0.13821960854204277,0.19061095579874726,0.1609323347258272,0.16138747643581555,0.1740885343850716,0.13904597323605106,0.13507720432671902,0.16219233506047656,0.1665367653666259,0.2007186472759073,0.15375614485874142,0.17731171661062442,0.20214489417278259,0.15592426281872693,0.14490261193451245,0.17358596654430972,0.18260750833585154,0.21059636345348473,0.28635440058849065,0.18597047504160258,0.19063722282742349,0.1753144691538137,0.16998089841598685,0.18820145763894378,0.15411741049692146,0.1463694519137598,0.16952783348944256,0.13708472257786608,0.16820230150582038,0.25930889770834953,0.2547371536975013,0.18185832949308114,0.12598249347859095,0.14968678089693882,0.26785907812269405,0.16603504964255583,0.1878722899513754,0.16848088494803132,0.15370770523647354,0.23447689217499568,0.16968391961555773,0.15940720575397996,0.21869250972834883,0.20342951497239348,0.12654468142346045,0.1690389201390173,0.16120329560868424,0.15466014245381163,0.15557186811827348,0.21739785611138404,0.18577611854024412,0.14272450624976307,0.17849641644293607,0.18496768769042907,0.15812623579818144,0.15211444795605164,0.23651815762832182,0.1245388798278424,0.13325152955969605,0.19550545115992993,0.18344508752471184,0.14262084619892149,0.1642954232523836
571_words.csv,0.3193560657347046,0.30882476939316506,0.21604524973251585,0.2118518983792437,0.22662363115336667,0.24891373818057783,0.21117771674469832,0.2033426483947799,0.20833050297086567,0.171976613884902,0.2139595311175301,1.0,0.22015167088003462,0.17055278713416064,0.34313843048316595,0.21676939967388023,0.21274484463166143,0.2276474370680673,0.18735120427504398,0.2778251030488133,0.1959757317513372,0.15559903991557442,0.3913173247201979,0.21623181377259548,0.15517495530924938,0.19702507271602365,0.2209571659657843,0.1827969816420522,0.26608191059920017,0.1732887785641338,0.1847169207227255,0.30435344816453697,0.2166422942095756,0.220899824144732,0.30258750872739515,0.21903622729251399,0.1757556267989597,0.20370571387238062,0.18778321781850824,0.40859779262277673,0.16429714864034745,0.19252241067966858,0.18777756208935553,0.23777768270106187,0.1899533533080248,0.1925223343061198,0.3601111909594537,0.25397397255884946,0.29614228280603055,0.24783616895049074,0.2630889799676811,0.21706892895383062,0.23691771446425802,0.22077762761163067,0.19412135745084755,0.20389985004672337,0.1984285772526341,0.15946704635709447,0.2703234748066509,0.3849636679878995,0.19996105512914591,0.26115845271982335,0.14948959810898912,0.16921111073040537,0.19864780805091342,0.2513761445426782,0.3077918540098493,0.19868229459810102,0.22051415818817968,0.2620304620136653,0.1707054701302667,0.19919360038110484,0.31949445279082145,0.297749706612197,0.13522894002967625,0.2178511282237356,0.20719055331390232,0.23447588511302045,0.1808320267615212,0.2751359320127809,0.22165932515638553,0.1983020603741728,0.20929192043256284,0.36401028570916694,0.2622409847455567,0.18713426300940994,0.19258305110863344,0.136581201079198,0.16133779490219866,0.18621854377353977,0.2129051811270651,0.22473036678946565,0.19619106642195763
18_words.csv,0.1892034378926603,0.20711991981712238,0.20704935913782474,0.15272704787272356,0.2098266829508673,0.27516685619466674,0.19298091859145614,0.17851396902411043,0.17636536433115116,0.1496147201720849,0.20149372047587993,0.22015167088003462,1.0,0.16204635290299538,0.20038541006292315,0.18465400986752956,0.18158623908204707,0.1819083604511478,0.15419274418046613,0.2437353550346995,0.1743902746054599,0.15784906221567097,0.19879021996173324,0.1851841708479461,0.1413422241290536,0.21860952753523272,0.17019548316656816,0.1500598299248659,0.19482419788175084,0.18299836537541278,0.1858819210464282,0.24671176193970323,0.17006962683364016,0.16340238261683196,0.16877458701354564,0.15618604131613203,0.19958990112867653,0.179926342827009,0.18653878683690037,0.1872451074249235,0.13887052224598145,0.1705064485504652,0.20267393842434767,0.2141762884136427,0.14859048062598387,0.23701017232533783,0.21925513662139176,0.2635021007961507,0.2730469851859922,0.18182339227651595,0.24233280790996153,0.18339956878295463,0.22183289887167285,0.18643301259040318,0.19180251498569142,0.21983756734945542,0.26378675160495313,0.1622990710440111,0.1747827197837283,0.2180196971330693,0.18092441331291664,0.1852225568419736,0.1429377927633179,0.14080907610356194,0.1764270624252489,0.21764256143979743,0.2325036349918369,0.16432316420316787,0.20451760052806053,0.3219237041257561,0.16740548052145632,0.2146530482841284,0.22763219885270294,0.19206249516149965,0.13051748982790332,0.17330080516292956,0.16465718875004792,0.18493932290992793,0.18312915709961158,0.2779026870978813,0.17207609316228073,0.15694932866460296,0.26703225352271276,0.22428964060997056,0.1676912585708175,0.20956279814812004,0.2191156230521357,0.11094568775265512,0.1469972454221699,0.21244949472515354,0.1619929989380084,0.14983816704025585,0.18386149769898733
279_words.csv,0.17132219254911732,0.16471226412270956,0.22520065935132458,0.17913072270147049,0.20704438572103961,0.1876365664431476,0.19676396500682103,0.17916529492731328,0.22113480469218727,0.189723582904756,0.1419090578585934,0.17055278713416064,0.16204635290299538,1.0,0.15459270034056663,0.2237744614944304,0.1825219921444162,0.2109132267199561,0.18017988633324133,0.19903379530867288,0.21766891194160434,0.16437062280253964,0.16339086996536292,0.18980380876957614,0.17221071739223193,0.22377714937595075,0.15117697263976873,0.18118660335505368,0.19989313209654205,0.20375830739559184,0.16712440998350822,0.2035429515475669,0.15776829179876414,0.21427252265794808,0.1793507657246833,0.1606644808304233,0.17816281142339346,0.2007259866630182,0.16843603048140376,0.15573546972106905,0.15564466857999718,0.19731616051072493,0.17086831144813944,0.18320282257214407,0.18553996271477438,0.1495035337986249,0.18756852730949664,0.18964870287122987,0.18482951902917946,0.2639578887975445,0.23849400177370728,0.18025637186431961,0.2713317819056322,0.21080554650164038,0.15187479077083568,0.18319368624428586,0.21571511608360086,0.18871940505511203,0.16256717845698293,0.15184309561617387,0.1440210223069406,0.18235838432064055,0.1465060023752065,0.14434059227411247,0.15088771107223042,0.18156529216518444,0.18137326815156354,0.17954311804966805,0.21339883924108158,0.17604838285857774,0.17951301325627556,0.19113170749407193,0.21097146591012592,0.18443954333286317,0.15372966552804337,0.15550914668796004,0.20664825950674762,0.22305370660647908,0.175875369617158,0.18602955345891306,0.2250713242907419,0.17145634359903464,0.18605874037709572,0.17017240876271872,0.14261492333424575,0.2815014407332016,0.15601822362641343,0.1436218337076558,0.1605174282440769,0.15063825574731593,0.17625680902209492,0.18892457917600605,0.1651927178464076
565_words.csv,0.24787195295281486,0.23868994043179884,0.17494118790598032,0.1877738671367032,0.17363637431098303,0.24006092497728448,0.19108976237212308,0.20661837623088067,0.1736869876856801,0.16441856645212283,0.22669188684114933,0.34313843048316595,0.20038541006292315,0.15459270034056663,1.0,0.1946227236557051,0.19717088933199098,0.18497726669982484,0.18630236517508977,0.23325177834030525,0.1774385313045415,0.14994145498891234,0.29771412994865426,0.23125877473838308,0.15994279688650676,0.1845794097951786,0.18904225270609412,0.17436871179605054,0.23736011776729551,0.16415982624978853,0.14891256511468967,0.2162228470141403,0.1656838500613442,0.18361993358468906,0.22577848341980394,0.20698243217428652,0.15459854728218417,0.17482989305293561,0.17540219741917148,0.3223353285934722,0.15688966655029504,0.20296649832962563,0.19387564620838932,0.21019808288070424,0.1916584850089375,0.16669296054589078,0.25003445607077346,0.2155664075094388,0.3124492851045033,0.2278940379085392,0.24576960950476512,0.20229027232135285,0.19711303837493943,0.19285804143487423,0.15548876385854524,0.16785519363344722,0.16628640571979691,0.15060808703560954,0.2519784850277516,0.2923079713470556,0.18615692602505093,0.22170225689182493,0.12680375333226634,0.14529852157436512,0.20243049077822198,0.2324066607616732,0.2480678650394969,0.17463483609651456,0.18515189107978666,0.22715190307249547,0.15143010650681385,0.20248074868962623,0.28636583056332243,0.2492029271893099,0.13277491317127224,0.17142886136386778,0.21282680330678053,0.21046163760845873,0.16616427392326316,0.2502356926379138,0.18795344218833762,0.19090644309937335,0.20230279102428086,0.24847080385713832,0.22692464204806892,0.15692890140839397,0.18963396187400347,0.12013391159540403,0.15405451946271564,0.176397282384076,0.19859028567741924,0.1769276046699558,0.19250640969315816
255_words.csv,0.18674632046481598,0.2077310113691542,0.22612575409370192,0.21344911593430155,0.22438903614158381,0.2194359018223942,0.33419205203152574,0.18211121669176925,0.21861932979627788,0.25003154250062326,0.17888195350679356,0.21676939967388023,0.18465400986752956,0.2237744614944304,0.1946227236557051,1.0,0.17920953743035603,0.2057606273789475,0.21751173022663434,0.30771154051232913,0.18618549828148598,0.14600007959824093,0.21247511281520517,0.20658063845583738,0.16319529400111743,0.21292640351556683,0.16878089401912028,0.17215368679114,0.28319703217116265,0.15826472194144534,0.17934564733443015,0.26599160756358964,0.15547961136829638,0.1859138718450053,0.20144166661222068,0.1663269645180876,0.1683734552942276,0.39175867533536196,0.1759649436425108,0.1949601343586229,0.16618711145228388,0.19809211636323057,0.26615621666952055,0.17444306376247054,0.16465998383032598,0.17943296632526867,0.21326325006047828,0.19736108555143048,0.2262879118034059,0.21794585754871196,0.2950471405749725,0.1882994022236671,0.247131119881273,0.20935203769791122,0.18135900918661174,0.18250648450022317,0.23594514179338769,0.15506267716880434,0.19253538876415402,0.2000662012811052,0.1811603031843939,0.3135075906162817,0.1532415181765017,0.14850531920168428,0.1949375682601732,0.186082278237141,0.2194927130829292,0.18542406182751253,0.17875166276789,0.25184627061183074,0.17624273083762557,0.18400067022479275,0.2765880000213792,0.1933818091028933,0.1493238692594273,0.1645049477294167,0.20868741895528,0.22088191035109,0.15830299430135678,0.2073745436183006,0.21917608402514355,0.24085226298297352,0.18167017503912392,0.20909953496598332,0.16342463923537257,0.2353095076968123,0.1717863905129581,0.1372343261042531,0.2294397145777622,0.17723522432253946,0.19615742213160794,0.2298251983188848,0.15876903496180952
580_words.csv,0.1947353618689715,0.21426116241038248,0.19510276557040604,0.16622724381968695,0.17089909305351714,0.17618915112930172,0.18251992064101868,0.24507342092483989,0.19777297469223146,0.16988846161541407,0.15190941448535042,0.21274484463166143,0.18158623908204707,0.1825219921444162,0.19717088933199098,0.17920953743035603,1.0,0.23224321827246652,0.14603584238737494,0.22870015727756535,0.2142689187303921,0.1611916592312518,0.21070909643343913,0.1872808793054688,0.14613731919967043,0.1939728313833808,0.14968044925967844,0.1932941909159036,0.2002174993240291,0.19202682293845688,0.18151481276810566,0.20293916402110707,0.1657933231885119,0.2522591654332706,0.1893351214160934,0.21339842481913038,0.20706098637198184,0.1772482952280967,0.25945836334315786,0.2185526288765664,0.17209503609302199,0.1665916689418979,0.16795219077752405,0.31309363949888575,0.18767420091648304,0.17944181259896685,0.22748980684366532,0.19668930404792193,0.1922950941132146,0.22491144722838338,0.195585422855256,0.3401484772842449,0.21073322152991314,0.22202511621633436,0.16425523987003315,0.28712316128152465,0.1792162802748891,0.1266700539143898,0.20664059190436554,0.1925797554003025,0.15995155432554176,0.21423030680350114,0.13630456905337932,0.13858622567018714,0.17154989420486333,0.3353708364707015,0.2071017191866614,0.20526372941053486,0.19370490343894547,0.19478559460463263,0.15217820840263618,0.25206750357148516,0.2234029812441636,0.20026541877160164,0.14925259918987543,0.19043843525192064,0.20656022990230213,0.1951422808492855,0.218904779865336,0.21318797049969565,0.16485110803217218,0.2036012116403982,0.20866241430504445,0.1984842514515372,0.17698262103880186,0.18051827459309547,0.15289800989023675,0.12651541922910112,0.1767193455318294,0.17543959371135412,0.21302228618521604,0.19154855089673423,0.24065288391136833
20_words.csv,0.2126012748429517,0.23866881111888547,0.23463549739478454,0.18372294229605723,0.20418974053615013,0.20567594790719362,0.218827769885301,0.21582949278382163,0.2985226272115807,0.16040858608596875,0.1679735146881731,0.2276474370680673,0.1819083604511478,0.2109132267199561,0.18497726669982484,0.2057606273789475,0.23224321827246652,1.0,0.17180701743579593,0.2627674581185495,0.24202760323131847,0.17198236102898692,0.22684474876888053,0.17014867498436856,0.14929927523829278,0.2359922452727051,0.17910267900752433,0.21043862871678956,0.19229672608249868,0.16337109696120528,0.19388180210624617,0.2222701380629431,0.1945271205664139,0.23880952708009584,0.19253196240135353,0.18381586374394998,0.16494417716812354,0.20891237855124686,0.22953243656817401,0.23568045586058944,0.2014455229575454,0.21093809050674114,0.17847265896882814,0.23067814530507738,0.20940344856449483,0.19925465062372644,0.23834859785257895,0.22262960276473015,0.2079750685739394,0.24260837406467947,0.2116322339388631,0.2565387871877176,0.2138038824496141,0.3045708269988298,0.20519830033171835,0.24044713016558303,0.23048421164764493,0.1518226185591119,0.23262579403415426,0.19236709113828349,0.1787095983110839,0.21064829394034598,0.18451668612421138,0.21768360104483636,0.15839097778877792,0.2162254571512284,0.27397049944846097,0.24468108899281793,0.207746862590834,0.2012509382220091,0.17341170791987068,0.20937447051329663,0.2808199658048445,0.22390721730933075,0.1811212629922605,0.19526731127861713,0.23963184939917623,0.18719160264729032,0.1910401887984907,0.20625710775443945,0.19085465148719316,0.1699933344078643,0.18835490844591576,0.24238110610879934,0.19152465682499034,0.2126895308464396,0.18117008475135268,0.15163187891418045,0.16111130690218345,0.19680888020432052,0.228436551338467,0.20032677428455944,0.181307453950149
260_words.csv,0.20601757768388793,0.161183127343978,0.17763708300764747,0.29336762192341825,0.20237871193892348,0.17896425195225674,0.1940181860602943,0.20154018063058296,0.18362591751313204,0.1768395209256666,0.15596074067927818,0.18735120427504398,0.15419274418046613,0.18017988633324133,0.18630236517508977,0.21751173022663434,0.14603584238737494,0.17180701743579593,1.0,0.18981140082969547,0.16016568261634012,0.16933711738127705,0.20326968151473448,0.18033860147219927,0.17880582064307643,0.20419865662503162,0.20882761293673435,0.15325838663994767,0.23925261588642008,0.15535229698355163,0.15175436164541856,0.20054801134454034,0.1475303366403178,0.14440517054678856,0.18424812940867868,0.17546071783397327,0.1221994423015786,0.22321843700585858,0.16103979178243938,0.17244007011985318,0.1398133378098163,0.21582774137854172,0.20922124117562182,0.15598856487994958,0.16726351069040996,0.16254519429751085,0.1889312247244181,0.17749055077639692,0.2016201481215373,0.18880667770711052,0.22611862379395964,0.16330410341102614,0.20612086770373833,0.16226879930974863,0.16722666040993706,0.14100654839325677,0.17270641788306512,0.17972598809539658,0.19544538668888214,0.16665326536881825,0.13186491281032137,0.20742116898212606,0.12982664099264818,0.16223017409741308,0.15014146223325145,0.17258927617951098,0.2096044983093746,0.17044148379297144,0.175670085816578,0.17998279615478144,0.1712373423641236,0.18154009190843612,0.2384496829955888,0.19937227506939892,0.14168952849381924,0.1461461217798652,0.19604383697287533,0.19819636001190763,0.15913506279497808,0.15437340133385571,0.19863402698323462,0.18916041813710496,0.15391796154546622,0.19735521154297817,0.20259144419413277,0.18280723066797325,0.19625335053315043,0.11881264174690796,0.180965443483864,0.17752640168851697,0.1787680697790585,0.18715417206211554,0.16287141197598112
568_words.csv,0.21040488496988397,0.2979028523868685,0.2563671613922324,0.19656249513128132,0.23624759521395064,0.2884753684999332,0.2833487912444572,0.2110006672593223,0.2778529111719513,0.2055411895290205,0.20397096023377387,0.2778251030488133,0.2437353550346995,0.19903379530867288,0.23325177834030525,0.30771154051232913,0.22870015727756535,0.2627674581185495,0.18981140082969547,1.0,0.19157558002102945,0.15962500931343301,0.28846896528338767,0.20319541151584977,0.14883816018324564,0.2559482280867379,0.17452111450055985,0.2086870216994755,0.2513719711176304,0.17309760213849112,0.21378679248606414,0.29552147883754826,0.1736788729814864,0.2021642964211807,0.21002185737190365,0.19989657533197466,0.18988827384027157,0.28278770915576684,0.21888350196357126,0.24444339135542795,0.16515171410026952,0.22057708577155075,0.27551881934411265,0.22289312281818385,0.18678427823096586,0.23591499087966178,0.2530560251973075,0.2284715274048642,0.2821177110671591,0.22806915856160528,0.29004120906045244,0.23055484059614087,0.2553347342996421,0.28690442883959166,0.20618058168830486,0.23543960839281028,0.2931083555491216,0.15189632969899505,0.25702008442391894,0.24596871065409429,0.2240227468412477,0.29186257042885444,0.1650189575624781,0.15793030864502466,0.20234849543417743,0.23048964352713874,0.3097264880652438,0.23278750459435785,0.2134356288641961,0.3066940338292195,0.18728885459544845,0.21328282530539944,0.3855863915838983,0.23242355802483955,0.15557957510074802,0.20066661425214868,0.2446226370852957,0.2144909962347284,0.1780035200509334,0.28643662185976965,0.19266036188293748,0.22207128553966385,0.2172276312485741,0.2851632448456133,0.19115723557077027,0.23928919914464136,0.19879577591516528,0.13319994823205544,0.20633557291225846,0.2284199914722806,0.2426704156432812,0.21097310631289215,0.19056020992122036
274_words.csv,0.20820847589920696,0.17811892877989877,0.2076246873010272,0.1627102716560649,0.17483632998684603,0.1765443035053392,0.21021385573830917,0.2075958820763984,0.17466673290374757,0.16089201628813168,0.17366044117218088,0.1959757317513372,0.1743902746054599,0.21766891194160434,0.1774385313045415,0.18618549828148598,0.2142689187303921,0.24202760323131847,0.16016568261634012,0.19157558002102945,1.0,0.1833755865058722,0.17005196601286557,0.20033093528157173,0.21274954658463352,0.19289930941914157,0.16929513091773252,0.16078984907657198,0.20234545416919583,0.17361297460643085,0.15179015803615153,0.20580637576484512,0.19468418058272144,0.2664245724610296,0.18213014881857587,0.14689902125142051,0.16900618689506294,0.1795236109721463,0.21001653713909016,0.19968614178619593,0.26610390603458145,0.17118650167113797,0.16040644597343084,0.21078246326010763,0.1655165229712897,0.1626393943650505,0.22756850340010282,0.24547531321919253,0.20014048655838665,0.27260651197120583,0.20785823939023007,0.2616381613943524,0.2081550945134046,0.19896544011940176,0.16975972385207275,0.2086251360602732,0.18129446169098234,0.1501666964402339,0.15972399806319743,0.1857047815630932,0.15549674537034666,0.196086840693281,0.1498459156025231,0.1868282216121421,0.17782375952267848,0.22495371071016168,0.19260754241282965,0.1766625006839225,0.17740955763595245,0.19915214003842457,0.15787608164306105,0.23099370905957556,0.21270705206485482,0.19133094553291527,0.15629914742141907,0.16881908492734488,0.17853103442565244,0.18458318427569453,0.23525676147401542,0.18611306064541108,0.23672989288580143,0.1619143078593678,0.19653128093727695,0.17525565535570778,0.16014947097108426,0.18740521389652093,0.17406242503067623,0.1432775373386485,0.1482551807095282,0.1646860994032039,0.175153954722611,0.17657104505245882,0.18503900046459085
